1     0.0000000000    -0.0000000000     0.0000000000
2     1.0591993837     0.6491993837     0.0000000000
3     1.0591993837     0.5943578832    -0.2513414312
4     1.0591993837     0.4488554337    -0.4672366052
5     1.0591993837     0.2412251133    -0.6183133225
6     1.0591993837    -0.0000000000    -0.6751993837
7     1.0591993837    -0.2412251133    -0.6183133225
8     1.0591993837    -0.4488554337    -0.4672366052
9     1.0591993837    -0.5943578832    -0.2513414312
10     1.0591993837    -0.6491993837     0.0000000000
11     1.0591993837    -0.5943578832     0.2513414312
12     1.0591993837    -0.4488554337     0.4672366052
13     1.0591993837    -0.2412251133     0.6183133225
14     1.0591993837    -0.0000000000     0.6751993837
15     1.0591993837     0.2412251133     0.6183133225
16     1.0591993837     0.4488554337     0.4672366052
17     1.0591993837     0.5943578832     0.2513414312
18     2.5040993066     1.0240993066     0.0000000000
19     2.5040993066     0.9393030146    -0.4199130359
20     2.5040993066     0.7126342523    -0.7748474482
21     2.5040993066     0.3856731906    -1.0203829630
22     2.5040993066    -0.0000000000    -1.1120993066
23     2.5040993066    -0.3856731906    -1.0203829630
24     2.5040993066    -0.7126342523    -0.7748474482
25     2.5040993066    -0.9393030146    -0.4199130359
26     2.5040993066    -1.0240993066     0.0000000000
27     2.5040993066    -0.9393030146     0.4199130359
28     2.5040993066    -0.7126342523     0.7748474482
29     2.5040993066    -0.3856731906     1.0203829630
30     2.5040993066    -0.0000000000     1.1120993066
31     2.5040993066     0.3856731906     1.0203829630
32     2.5040993066     0.7126342523     0.7748474482
33     2.5040993066     0.9393030146     0.4199130359
34     4.1693995378     1.1993995378     0.0000000000
35     4.1693995378     1.1022395857    -0.5211772975
36     4.1693995378     0.8403563709    -0.9548852086
37     4.1693995378     0.4581448550    -1.2515003999
38     4.1693995378    -0.0000000000    -1.3613995378
39     4.1693995378    -0.4581448550    -1.2515003999
40     4.1693995378    -0.8403563709    -0.9548852086
41     4.1693995378    -1.1022395857    -0.5211772975
42     4.1693995378    -1.1993995378     0.0000000000
43     4.1693995378    -1.1022395857     0.5211772975
44     4.1693995378    -0.8403563709     0.9548852086
45     4.1693995378    -0.4581448550     1.2515003999
46     4.1693995378    -0.0000000000     1.3613995378
47     4.1693995378     0.4581448550     1.2515003999
48     4.1693995378     0.8403563709     0.9548852086
49     4.1693995378     1.1022395857     0.5211772975
50     5.8897998459     1.2497998459     0.0000000000
51     5.8897998459     1.1505717880    -0.5705966998
52     5.8897998459     0.8810417044    -1.0394025664
53     5.8897998459     0.4834407300    -1.3569571113
54     5.8897998459    -0.0000000000    -1.4737998459
55     5.8897998459    -0.4834407300    -1.3569571113
56     5.8897998459    -0.8810417044    -1.0394025664
57     5.8897998459    -1.1505717880    -0.5705966998
58     5.8897998459    -1.2497998459     0.0000000000
59     5.8897998459    -1.1505717880     0.5705966998
60     5.8897998459    -0.8810417044     1.0394025664
61     5.8897998459    -0.4834407300     1.3569571113
62     5.8897998459    -0.0000000000     1.4737998459
63     5.8897998459     0.4834407300     1.3569571113
64     5.8897998459     0.8810417044     1.0394025664
65     5.8897998459     1.1505717880     0.5705966998
66     7.5000000000     1.2500000000     0.0000000000
67     7.5000000000     1.1517038129    -0.5836337264
68     7.5000000000     0.8837101677    -1.0604522013
69     7.5000000000     0.4863614387    -1.3820445755
70     7.5000000000     0.0000000000    -1.5000000000
71     7.5000000000    -0.4863614387    -1.3820445755
72     7.5000000000    -0.8837101677    -1.0604522013
73     7.5000000000    -1.1517038129    -0.5836337264
74     7.5000000000    -1.2500000000     0.0000000000
75     7.5000000000    -1.1517038129     0.5836337264
76     7.5000000000    -0.8837101677     1.0604522013
77     7.5000000000    -0.4863614387     1.3820445755
78     7.5000000000     0.0000000000     1.5000000000
79     7.5000000000     0.4863614387     1.3820445755
80     7.5000000000     0.8837101677     1.0604522013
81     7.5000000000     1.1517038129     0.5836337264
82     9.0000000000     1.2500000000     0.0000000000
83     9.0000000000     1.1517038129    -0.5836337264
84     9.0000000000     0.8837101677    -1.0604522013
85     9.0000000000     0.4863614387    -1.3820445755
86     9.0000000000     0.0000000000    -1.5000000000
87     9.0000000000    -0.4863614387    -1.3820445755
88     9.0000000000    -0.8837101677    -1.0604522013
89     9.0000000000    -1.1517038129    -0.5836337264
90     9.0000000000    -1.2500000000     0.0000000000
91     9.0000000000    -1.1517038129     0.5836337264
92     9.0000000000    -0.8837101677     1.0604522013
93     9.0000000000    -0.4863614387     1.3820445755
94     9.0000000000     0.0000000000     1.5000000000
95     9.0000000000     0.4863614387     1.3820445755
96     9.0000000000     0.8837101677     1.0604522013
97     9.0000000000     1.1517038129     0.5836337264
98    10.5000000000     1.2500000000     0.0000000000
99    10.5000000000     1.1517038129    -0.5836337264
100    10.5000000000     0.8837101677    -1.0604522013
101    10.5000000000     0.4863614387    -1.3820445755
102    10.5000000000     0.0000000000    -1.5000000000
103    10.5000000000    -0.4863614387    -1.3820445755
104    10.5000000000    -0.8837101677    -1.0604522013
105    10.5000000000    -1.1517038129    -0.5836337264
106    10.5000000000    -1.2500000000     0.0000000000
107    10.5000000000    -1.1517038129     0.5836337264
108    10.5000000000    -0.8837101677     1.0604522013
109    10.5000000000    -0.4863614387     1.3820445755
110    10.5000000000     0.0000000000     1.5000000000
111    10.5000000000     0.4863614387     1.3820445755
112    10.5000000000     0.8837101677     1.0604522013
113    10.5000000000     1.1517038129     0.5836337264
114    12.0000000000     1.2500000000     0.0000000000
115    12.0000000000     1.1517038129    -0.5836337264
116    12.0000000000     0.8837101677    -1.0604522013
117    12.0000000000     0.4863614387    -1.3820445755
118    12.0000000000     0.0000000000    -1.5000000000
119    12.0000000000    -0.4863614387    -1.3820445755
120    12.0000000000    -0.8837101677    -1.0604522013
121    12.0000000000    -1.1517038129    -0.5836337264
122    12.0000000000    -1.2500000000     0.0000000000
123    12.0000000000    -1.1517038129     0.5836337264
124    12.0000000000    -0.8837101677     1.0604522013
125    12.0000000000    -0.4863614387     1.3820445755
126    12.0000000000     0.0000000000     1.5000000000
127    12.0000000000     0.4863614387     1.3820445755
128    12.0000000000     0.8837101677     1.0604522013
129    12.0000000000     1.1517038129     0.5836337264
130    13.5000000000     1.2500000000     0.0000000000
131    13.5000000000     1.1517038129    -0.5836337264
132    13.5000000000     0.8837101677    -1.0604522013
133    13.5000000000     0.4863614387    -1.3820445755
134    13.5000000000     0.0000000000    -1.5000000000
135    13.5000000000    -0.4863614387    -1.3820445755
136    13.5000000000    -0.8837101677    -1.0604522013
137    13.5000000000    -1.1517038129    -0.5836337264
138    13.5000000000    -1.2500000000     0.0000000000
139    13.5000000000    -1.1517038129     0.5836337264
140    13.5000000000    -0.8837101677     1.0604522013
141    13.5000000000    -0.4863614387     1.3820445755
142    13.5000000000     0.0000000000     1.5000000000
143    13.5000000000     0.4863614387     1.3820445755
144    13.5000000000     0.8837101677     1.0604522013
145    13.5000000000     1.1517038129     0.5836337264
146    15.0000000000     1.2500000000     0.0000000000
147    15.0000000000     1.1517038129    -0.5836337264
148    15.0000000000     0.8837101677    -1.0604522013
149    15.0000000000     0.4863614387    -1.3820445755
150    15.0000000000     0.0000000000    -1.5000000000
151    15.0000000000    -0.4863614387    -1.3820445755
152    15.0000000000    -0.8837101677    -1.0604522013
153    15.0000000000    -1.1517038129    -0.5836337264
154    15.0000000000    -1.2500000000     0.0000000000
155    15.0000000000    -1.1517038129     0.5836337264
156    15.0000000000    -0.8837101677     1.0604522013
157    15.0000000000    -0.4863614387     1.3820445755
158    15.0000000000     0.0000000000     1.5000000000
159    15.0000000000     0.4863614387     1.3820445755
160    15.0000000000     0.8837101677     1.0604522013
161    15.0000000000     1.1517038129     0.5836337264
162    16.5000000000     1.2500000000     0.0000000000
163    16.5000000000     1.1517038129    -0.5836337264
164    16.5000000000     0.8837101677    -1.0604522013
165    16.5000000000     0.4863614387    -1.3820445755
166    16.5000000000     0.0000000000    -1.5000000000
167    16.5000000000    -0.4863614387    -1.3820445755
168    16.5000000000    -0.8837101677    -1.0604522013
169    16.5000000000    -1.1517038129    -0.5836337264
170    16.5000000000    -1.2500000000     0.0000000000
171    16.5000000000    -1.1517038129     0.5836337264
172    16.5000000000    -0.8837101677     1.0604522013
173    16.5000000000    -0.4863614387     1.3820445755
174    16.5000000000     0.0000000000     1.5000000000
175    16.5000000000     0.4863614387     1.3820445755
176    16.5000000000     0.8837101677     1.0604522013
177    16.5000000000     1.1517038129     0.5836337264
178    18.0000000000     1.2500000000     0.0000000000
179    18.0000000000     1.1517038129    -0.5836337264
180    18.0000000000     0.8837101677    -1.0604522013
181    18.0000000000     0.4863614387    -1.3820445755
182    18.0000000000     0.0000000000    -1.5000000000
183    18.0000000000    -0.4863614387    -1.3820445755
184    18.0000000000    -0.8837101677    -1.0604522013
185    18.0000000000    -1.1517038129    -0.5836337264
186    18.0000000000    -1.2500000000     0.0000000000
187    18.0000000000    -1.1517038129     0.5836337264
188    18.0000000000    -0.8837101677     1.0604522013
189    18.0000000000    -0.4863614387     1.3820445755
190    18.0000000000     0.0000000000     1.5000000000
191    18.0000000000     0.4863614387     1.3820445755
192    18.0000000000     0.8837101677     1.0604522013
193    18.0000000000     1.1517038129     0.5836337264
194    19.5000000000     1.2500000000     0.0000000000
195    19.5000000000     1.1517038129    -0.5836337264
196    19.5000000000     0.8837101677    -1.0604522013
197    19.5000000000     0.4863614387    -1.3820445755
198    19.5000000000     0.0000000000    -1.5000000000
199    19.5000000000    -0.4863614387    -1.3820445755
200    19.5000000000    -0.8837101677    -1.0604522013
201    19.5000000000    -1.1517038129    -0.5836337264
202    19.5000000000    -1.2500000000     0.0000000000
203    19.5000000000    -1.1517038129     0.5836337264
204    19.5000000000    -0.8837101677     1.0604522013
205    19.5000000000    -0.4863614387     1.3820445755
206    19.5000000000     0.0000000000     1.5000000000
207    19.5000000000     0.4863614387     1.3820445755
208    19.5000000000     0.8837101677     1.0604522013
209    19.5000000000     1.1517038129     0.5836337264
210    21.0000000000     1.2500000000     0.0000000000
211    21.0000000000     1.1517038129    -0.5836337264
212    21.0000000000     0.8837101677    -1.0604522013
213    21.0000000000     0.4863614387    -1.3820445755
214    21.0000000000     0.0000000000    -1.5000000000
215    21.0000000000    -0.4863614387    -1.3820445755
216    21.0000000000    -0.8837101677    -1.0604522013
217    21.0000000000    -1.1517038129    -0.5836337264
218    21.0000000000    -1.2500000000     0.0000000000
219    21.0000000000    -1.1517038129     0.5836337264
220    21.0000000000    -0.8837101677     1.0604522013
221    21.0000000000    -0.4863614387     1.3820445755
222    21.0000000000     0.0000000000     1.5000000000
223    21.0000000000     0.4863614387     1.3820445755
224    21.0000000000     0.8837101677     1.0604522013
225    21.0000000000     1.1517038129     0.5836337264
226    22.5000000000     1.2500000000     0.0000000000
227    22.5000000000     1.1517038129    -0.5836337264
228    22.5000000000     0.8837101677    -1.0604522013
229    22.5000000000     0.4863614387    -1.3820445755
230    22.5000000000     0.0000000000    -1.5000000000
231    22.5000000000    -0.4863614387    -1.3820445755
232    22.5000000000    -0.8837101677    -1.0604522013
233    22.5000000000    -1.1517038129    -0.5836337264
234    22.5000000000    -1.2500000000     0.0000000000
235    22.5000000000    -1.1517038129     0.5836337264
236    22.5000000000    -0.8837101677     1.0604522013
237    22.5000000000    -0.4863614387     1.3820445755
238    22.5000000000     0.0000000000     1.5000000000
239    22.5000000000     0.4863614387     1.3820445755
240    22.5000000000     0.8837101677     1.0604522013
241    22.5000000000     1.1517038129     0.5836337264
242    24.1102001541     1.2497998459     0.0000000000
243    24.1102001541     1.1505717880    -0.5705966998
244    24.1102001541     0.8810417044    -1.0394025664
245    24.1102001541     0.4834407300    -1.3569571113
246    24.1102001541    -0.0000000000    -1.4737998459
247    24.1102001541    -0.4834407300    -1.3569571113
248    24.1102001541    -0.8810417044    -1.0394025664
249    24.1102001541    -1.1505717880    -0.5705966998
250    24.1102001541    -1.2497998459     0.0000000000
251    24.1102001541    -1.1505717880     0.5705966998
252    24.1102001541    -0.8810417044     1.0394025664
253    24.1102001541    -0.4834407300     1.3569571113
254    24.1102001541    -0.0000000000     1.4737998459
255    24.1102001541     0.4834407300     1.3569571113
256    24.1102001541     0.8810417044     1.0394025664
257    24.1102001541     1.1505717880     0.5705966998
258    25.8306004622     1.1993995378     0.0000000000
259    25.8306004622     1.1022395857    -0.5211772975
260    25.8306004622     0.8403563709    -0.9548852086
261    25.8306004622     0.4581448550    -1.2515003999
262    25.8306004622    -0.0000000000    -1.3613995378
263    25.8306004622    -0.4581448550    -1.2515003999
264    25.8306004622    -0.8403563709    -0.9548852086
265    25.8306004622    -1.1022395857    -0.5211772975
266    25.8306004622    -1.1993995378     0.0000000000
267    25.8306004622    -1.1022395857     0.5211772975
268    25.8306004622    -0.8403563709     0.9548852086
269    25.8306004622    -0.4581448550     1.2515003999
270    25.8306004622    -0.0000000000     1.3613995378
271    25.8306004622     0.4581448550     1.2515003999
272    25.8306004622     0.8403563709     0.9548852086
273    25.8306004622     1.1022395857     0.5211772975
274    27.4959006934     1.0240993066     0.0000000000
275    27.4959006934     0.9393030146    -0.4199130359
276    27.4959006934     0.7126342523    -0.7748474482
277    27.4959006934     0.3856731906    -1.0203829630
278    27.4959006934    -0.0000000000    -1.1120993066
279    27.4959006934    -0.3856731906    -1.0203829630
280    27.4959006934    -0.7126342523    -0.7748474482
281    27.4959006934    -0.9393030146    -0.4199130359
282    27.4959006934    -1.0240993066     0.0000000000
283    27.4959006934    -0.9393030146     0.4199130359
284    27.4959006934    -0.7126342523     0.7748474482
285    27.4959006934    -0.3856731906     1.0203829630
286    27.4959006934    -0.0000000000     1.1120993066
287    27.4959006934     0.3856731906     1.0203829630
288    27.4959006934     0.7126342523     0.7748474482
289    27.4959006934     0.9393030146     0.4199130359
290    28.9408006163     0.6491993837     0.0000000000
291    28.9408006163     0.5943578832    -0.2513414312
292    28.9408006163     0.4488554337    -0.4672366052
293    28.9408006163     0.2412251133    -0.6183133225
294    28.9408006163    -0.0000000000    -0.6751993837
295    28.9408006163    -0.2412251133    -0.6183133225
296    28.9408006163    -0.4488554337    -0.4672366052
297    28.9408006163    -0.5943578832    -0.2513414312
298    28.9408006163    -0.6491993837     0.0000000000
299    28.9408006163    -0.5943578832     0.2513414312
300    28.9408006163    -0.4488554337     0.4672366052
301    28.9408006163    -0.2412251133     0.6183133225
302    28.9408006163    -0.0000000000     0.6751993837
303    28.9408006163     0.2412251133     0.6183133225
304    28.9408006163     0.4488554337     0.4672366052
305    28.9408006163     0.5943578832     0.2513414312
306    30.0000000000     0.0000000000     0.0000000000
$EndNodes
$Elements
608
1 2 0 1 3 2
2 2 0 1 4 3
3 2 0 1 5 4
4 2 0 1 6 5
5 2 0 6 1 7
6 2 0 7 1 8
7 2 0 8 1 9
8 2 0 9 1 10
9 2 0 1 11 10
10 2 0 1 12 11
11 2 0 1 13 12
12 2 0 1 14 13
13 2 0 14 1 15
14 2 0 15 1 16
15 2 0 16 1 17
16 2 0 17 1 2
17 2 0 2 19 18
18 2 0 2 3 19
19 2 0 3 20 19
20 2 0 3 4 20
21 2 0 4 21 20
22 2 0 4 5 21
23 2 0 5 22 21
24 2 0 5 6 22
25 2 0 6 7 22
26 2 0 22 7 23
27 2 0 7 8 23
28 2 0 23 8 24
29 2 0 8 9 24
30 2 0 24 9 25
31 2 0 9 10 25
32 2 0 25 10 26
33 2 0 10 27 26
34 2 0 10 11 27
35 2 0 11 28 27
36 2 0 11 12 28
37 2 0 12 29 28
38 2 0 12 13 29
39 2 0 13 30 29
40 2 0 13 14 30
41 2 0 14 15 30
42 2 0 30 15 31
43 2 0 15 16 31
44 2 0 31 16 32
45 2 0 16 17 32
46 2 0 32 17 33
47 2 0 17 2 33
48 2 0 33 2 18
49 2 0 18 35 34
50 2 0 18 19 35
51 2 0 19 36 35
52 2 0 19 20 36
53 2 0 20 37 36
54 2 0 20 21 37
55 2 0 21 38 37
56 2 0 21 22 38
57 2 0 22 23 38
58 2 0 38 23 39
59 2 0 23 24 39
60 2 0 39 24 40
61 2 0 24 25 40
62 2 0 40 25 41
63 2 0 25 26 41
64 2 0 41 26 42
65 2 0 26 43 42
66 2 0 26 27 43
67 2 0 27 44 43
68 2 0 27 28 44
69 2 0 28 45 44
70 2 0 28 29 45
71 2 0 29 46 45
72 2 0 29 30 46
73 2 0 30 31 46
74 2 0 46 31 47
75 2 0 31 32 47
76 2 0 47 32 48
77 2 0 32 33 48
78 2 0 48 33 49
79 2 0 33 18 49
80 2 0 49 18 34
81 2 0 34 51 50
82 2 0 34 35 51
83 2 0 35 52 51
84 2 0 35 36 52
85 2 0 36 53 52
86 2 0 36 37 53
87 2 0 37 54 53
88 2 0 37 38 54
89 2 0 38 39 54
90 2 0 54 39 55
91 2 0 39 40 55
92 2 0 55 40 56
93 2 0 40 41 56
94 2 0 56 41 57
95 2 0 41 42 57
96 2 0 57 42 58
97 2 0 42 59 58
98 2 0 42 43 59
99 2 0 43 60 59
100 2 0 43 44 60
101 2 0 44 61 60
102 2 0 44 45 61
103 2 0 45 62 61
104 2 0 45 46 62
105 2 0 46 47 62
106 2 0 62 47 63
107 2 0 47 48 63
108 2 0 63 48 64
109 2 0 48 49 64
110 2 0 64 49 65
111 2 0 49 34 65
112 2 0 65 34 50
113 2 0 50 67 66
114 2 0 50 51 67
115 2 0 51 68 67
116 2 0 51 52 68
117 2 0 52 69 68
118 2 0 52 53 69
119 2 0 53 70 69
120 2 0 53 54 70
121 2 0 54 55 70
122 2 0 70 55 71
123 2 0 55 56 71
124 2 0 71 56 72
125 2 0 56 57 72
126 2 0 72 57 73
127 2 0 57 58 73
128 2 0 73 58 74
129 2 0 58 75 74
130 2 0 58 59 75
131 2 0 59 76 75
132 2 0 59 60 76
133 2 0 60 77 76
134 2 0 60 61 77
135 2 0 61 78 77
136 2 0 61 62 78
137 2 0 62 63 78
138 2 0 78 63 79
139 2 0 63 64 79
140 2 0 79 64 80
141 2 0 64 65 80
142 2 0 80 65 81
143 2 0 65 50 81
144 2 0 81 50 66
145 2 0 66 83 82
146 2 0 66 67 83
147 2 0 67 84 83
148 2 0 67 68 84
149 2 0 68 85 84
150 2 0 68 69 85
151 2 0 69 86 85
152 2 0 69 70 86
153 2 0 70 71 86
154 2 0 86 71 87
155 2 0 71 72 87
156 2 0 87 72 88
157 2 0 72 73 88
158 2 0 88 73 89
159 2 0 73 74 89
160 2 0 89 74 90
161 2 0 74 91 90
162 2 0 74 75 91
163 2 0 75 92 91
164 2 0 75 76 92
165 2 0 76 93 92
166 2 0 76 77 93
167 2 0 77 94 93
168 2 0 77 78 94
169 2 0 78 79 94
170 2 0 94 79 95
171 2 0 79 80 95
172 2 0 95 80 96
173 2 0 80 81 96
174 2 0 96 81 97
175 2 0 81 66 97
176 2 0 97 66 82
177 2 0 82 99 98
178 2 0 82 83 99
179 2 0 83 100 99
180 2 0 83 84 100
181 2 0 84 101 100
182 2 0 84 85 101
183 2 0 85 102 101
184 2 0 85 86 102
185 2 0 86 87 102
186 2 0 102 87 103
187 2 0 87 88 103
188 2 0 103 88 104
189 2 0 88 89 104
190 2 0 104 89 105
191 2 0 89 90 105
192 2 0 105 90 106
193 2 0 90 107 106
194 2 0 90 91 107
195 2 0 91 108 107
196 2 0 91 92 108
197 2 0 92 109 108
198 2 0 92 93 109
199 2 0 93 110 109
200 2 0 93 94 110
201 2 0 94 95 110
202 2 0 110 95 111
203 2 0 95 96 111
204 2 0 111 96 112
205 2 0 96 97 112
206 2 0 112 97 113
207 2 0 97 82 113
208 2 0 113 82 98
209 2 0 98 115 114
210 2 0 98 99 115
211 2 0 99 116 115
212 2 0 99 100 116
213 2 0 100 117 116
214 2 0 100 101 117
215 2 0 101 118 117
216 2 0 101 102 118
217 2 0 102 103 118
218 2 0 118 103 119
219 2 0 103 104 119
220 2 0 119 104 120
221 2 0 104 105 120
222 2 0 120 105 121
223 2 0 105 106 121
224 2 0 121 106 122
225 2 0 106 123 122
226 2 0 106 107 123
227 2 0 107 124 123
228 2 0 107 108 124
229 2 0 108 125 124
230 2 0 108 109 125
231 2 0 109 126 125
232 2 0 109 110 126
233 2 0 110 111 126
234 2 0 126 111 127
235 2 0 111 112 127
236 2 0 127 112 128
237 2 0 112 113 128
238 2 0 128 113 129
239 2 0 113 98 129
240 2 0 129 98 114
241 2 0 114 131 130
242 2 0 114 115 131
243 2 0 115 132 131
244 2 0 115 116 132
245 2 0 116 133 132
246 2 0 116 117 133
247 2 0 117 134 133
248 2 0 117 118 134
249 2 0 118 119 134
250 2 0 134 119 135
251 2 0 119 120 135
252 2 0 135 120 136
253 2 0 120 121 136
254 2 0 136 121 137
255 2 0 121 122 137
256 2 0 137 122 138
257 2 0 122 139 138
258 2 0 122 123 139
259 2 0 123 140 139
260 2 0 123 124 140
261 2 0 124 141 140
262 2 0 124 125 141
263 2 0 125 142 141
264 2 0 125 126 142
265 2 0 126 127 142
266 2 0 142 127 143
267 2 0 127 128 143
268 2 0 143 128 144
269 2 0 128 129 144
270 2 0 144 129 145
271 2 0 129 114 145
272 2 0 145 114 130
273 2 0 130 147 146
274 2 0 130 131 147
275 2 0 131 148 147
276 2 0 131 132 148
277 2 0 132 149 148
278 2 0 132 133 149
279 2 0 133 150 149
280 2 0 133 134 150
281 2 0 134 135 150
282 2 0 150 135 151
283 2 0 135 136 151
284 2 0 151 136 152
285 2 0 136 137 152
286 2 0 152 137 153
287 2 0 137 138 153
288 2 0 153 138 154
289 2 0 138 155 154
290 2 0 138 139 155
291 2 0 139 156 155
292 2 0 139 140 156
293 2 0 140 157 156
294 2 0 140 141 157
295 2 0 141 158 157
296 2 0 141 142 158
297 2 0 142 143 158
298 2 0 158 143 159
299 2 0 143 144 159
300 2 0 159 144 160
301 2 0 144 145 160
302 2 0 160 145 161
303 2 0 145 130 161
304 2 0 161 130 146
305 2 0 146 163 162
306 2 0 146 147 163
307 2 0 147 164 163
308 2 0 147 148 164
309 2 0 148 165 164
310 2 0 148 149 165
311 2 0 149 166 165
312 2 0 149 150 166
313 2 0 150 151 166
314 2 0 166 151 167
315 2 0 151 152 167
316 2 0 167 152 168
317 2 0 152 153 168
318 2 0 168 153 169
319 2 0 153 154 169
320 2 0 169 154 170
321 2 0 154 171 170
322 2 0 154 155 171
323 2 0 155 172 171
324 2 0 155 156 172
325 2 0 156 173 172
326 2 0 156 157 173
327 2 0 157 174 173
328 2 0 157 158 174
329 2 0 158 159 174
330 2 0 174 159 175
331 2 0 159 160 175
332 2 0 175 160 176
333 2 0 160 161 176
334 2 0 176 161 177
335 2 0 161 146 177
336 2 0 177 146 162
337 2 0 162 179 178
338 2 0 162 163 179
339 2 0 163 180 179
340 2 0 163 164 180
341 2 0 164 181 180
342 2 0 164 165 181
343 2 0 165 182 181
344 2 0 165 166 182
345 2 0 166 167 182
346 2 0 182 167 183
347 2 0 167 168 183
348 2 0 183 168 184
349 2 0 168 169 184
350 2 0 184 169 185
351 2 0 169 170 185
352 2 0 185 170 186
353 2 0 170 187 186
354 2 0 170 171 187
355 2 0 171 188 187
356 2 0 171 172 188
357 2 0 172 189 188
358 2 0 172 173 189
359 2 0 173 190 189
360 2 0 173 174 190
361 2 0 174 175 190
362 2 0 190 175 191
363 2 0 175 176 191
364 2 0 191 176 192
365 2 0 176 177 192
366 2 0 192 177 193
367 2 0 177 162 193
368 2 0 193 162 178
369 2 0 178 195 194
370 2 0 178 179 195
371 2 0 179 196 195
372 2 0 179 180 196
373 2 0 180 197 196
374 2 0 180 181 197
375 2 0 181 198 197
376 2 0 181 182 198
377 2 0 182 183 198
378 2 0 198 183 199
379 2 0 183 184 199
380 2 0 199 184 200
381 2 0 184 185 200
382 2 0 200 185 201
383 2 0 185 186 201
384 2 0 201 186 202
385 2 0 186 203 202
386 2 0 186 187 203
387 2 0 187 204 203
388 2 0 187 188 204
389 2 0 188 205 204
390 2 0 188 189 205
391 2 0 189 206 205
392 2 0 189 190 206
393 2 0 190 191 206
394 2 0 206 191 207
395 2 0 191 192 207
396 2 0 207 192 208
397 2 0 192 193 208
398 2 0 208 193 209
399 2 0 193 178 209
400 2 0 209 178 194
401 2 0 194 211 210
402 2 0 194 195 211
403 2 0 195 212 211
404 2 0 195 196 212
405 2 0 196 213 212
406 2 0 196 197 213
407 2 0 197 214 213
408 2 0 197 198 214
409 2 0 198 199 214
410 2 0 214 199 215
411 2 0 199 200 215
412 2 0 215 200 216
413 2 0 200 201 216
414 2 0 216 201 217
415 2 0 201 202 217
416 2 0 217 202 218
417 2 0 202 219 218
418 2 0 202 203 219
419 2 0 203 220 219
420 2 0 203 204 220
421 2 0 204 221 220
422 2 0 204 205 221
423 2 0 205 222 221
424 2 0 205 206 222
425 2 0 206 207 222
426 2 0 222 207 223
427 2 0 207 208 223
428 2 0 223 208 224
429 2 0 208 209 224
430 2 0 224 209 225
431 2 0 209 194 225
432 2 0 225 194 210
433 2 0 210 227 226
434 2 0 210 211 227
435 2 0 211 228 227
436 2 0 211 212 228
437 2 0 212 229 228
438 2 0 212 213 229
439 2 0 213 230 229
440 2 0 213 214 230
441 2 0 214 215 230
442 2 0 230 215 231
443 2 0 215 216 231
444 2 0 231 216 232
445 2 0 216 217 232
446 2 0 232 217 233
447 2 0 217 218 233
448 2 0 233 218 234
449 2 0 218 235 234
450 2 0 218 219 235
451 2 0 219 236 235
452 2 0 219 220 236
453 2 0 220 237 236
454 2 0 220 221 237
455 2 0 221 238 237
456 2 0 221 222 238
457 2 0 222 223 238
458 2 0 238 223 239
459 2 0 223 224 239
460 2 0 239 224 240
461 2 0 224 225 240
462 2 0 240 225 241
463 2 0 225 210 241
464 2 0 241 210 226
465 2 0 226 243 242
466 2 0 226 227 243
467 2 0 227 244 243
468 2 0 227 228 244
469 2 0 228 245 244
470 2 0 228 229 245
471 2 0 229 246 245
472 2 0 229 230 246
473 2 0 230 231 246
474 2 0 246 231 247
475 2 0 231 232 247
476 2 0 247 232 248
477 2 0 232 233 248
478 2 0 248 233 249
479 2 0 233 234 249
480 2 0 249 234 250
481 2 0 234 251 250
482 2 0 234 235 251
483 2 0 235 252 251
484 2 0 235 236 252
485 2 0 236 253 252
486 2 0 236 237 253
487 2 0 237 254 253
488 2 0 237 238 254
489 2 0 238 239 254
490 2 0 254 239 255
491 2 0 239 240 255
492 2 0 255 240 256
493 2 0 240 241 256
494 2 0 256 241 257
495 2 0 241 226 257
496 2 0 257 226 242
497 2 0 242 259 258
498 2 0 242 243 259
499 2 0 243 260 259
500 2 0 243 244 260
501 2 0 244 261 260
502 2 0 244 245 261
503 2 0 245 262 261
504 2 0 245 246 262
505 2 0 246 247 262
506 2 0 262 247 263
507 2 0 247 248 263
508 2 0 263 248 264
509 2 0 248 249 264
510 2 0 264 249 265
511 2 0 249 250 265
512 2 0 265 250 266
513 2 0 250 267 266
514 2 0 250 251 267
515 2 0 251 268 267
516 2 0 251 252 268
517 2 0 252 269 268
518 2 0 252 253 269
519 2 0 253 270 269
520 2 0 253 254 270
521 2 0 254 255 270
522 2 0 270 255 271
523 2 0 255 256 271
524 2 0 271 256 272
525 2 0 256 257 272
526 2 0 272 257 273
527 2 0 257 242 273
528 2 0 273 242 258
529 2 0 258 275 274
530 2 0 258 259 275
531 2 0 259 276 275
532 2 0 259 260 276
533 2 0 260 277 276
534 2 0 260 261 277
535 2 0 261 278 277
536 2 0 261 262 278
537 2 0 262 263 278
538 2 0 278 263 279
539 2 0 263 264 279
540 2 0 279 264 280
541 2 0 264 265 280
542 2 0 280 265 281
543 2 0 265 266 281
544 2 0 281 266 282
545 2 0 266 283 282
546 2 0 266 267 283
547 2 0 267 284 283
548 2 0 267 268 284
549 2 0 268 285 284
550 2 0 268 269 285
551 2 0 269 286 285
552 2 0 269 270 286
553 2 0 270 271 286
554 2 0 286 271 287
555 2 0 271 272 287
556 2 0 287 272 288
557 2 0 272 273 288
558 2 0 288 273 289
559 2 0 273 258 289
560 2 0 289 258 274
561 2 0 274 291 290
562 2 0 274 275 291
563 2 0 275 292 291
564 2 0 275 276 292
565 2 0 276 293 292
566 2 0 276 277 293
567 2 0 277 294 293
568 2 0 277 278 294
569 2 0 278 279 294
570 2 0 294 279 295
571 2 0 279 280 295
572 2 0 295 280 296
573 2 0 280 281 296
574 2 0 296 281 297
575 2 0 281 282 297
576 2 0 297 282 298
577 2 0 282 299 298
578 2 0 282 283 299
579 2 0 283 300 299
580 2 0 283 284 300
581 2 0 284 301 300
582 2 0 284 285 301
583 2 0 285 302 301
584 2 0 285 286 302
585 2 0 286 287 302
586 2 0 302 287 303
587 2 0 287 288 303
588 2 0 303 288 304
589 2 0 288 289 304
590 2 0 304 289 305
591 2 0 289 274 305
592 2 0 305 274 290
593 2 0 290 291 306
594 2 0 291 292 306
595 2 0 292 293 306
596 2 0 293 294 306
597 2 0 294 295 306
598 2 0 295 296 306
599 2 0 296 297 306
600 2 0 297 298 306
601 2 0 298 299 306
602 2 0 299 300 306
603 2 0 300 301 306
604 2 0 301 302 306
605 2 0 302 303 306
606 2 0 303 304 306
607 2 0 304 305 306
608 2 0 305 290 306
$EndElements
