1     4.0000000000     0.0000000000     0.0000000000
2     4.4643052059     1.1538461538    -0.0119112648
3     4.5507887721     1.1538461538     0.0000000000
4     3.9100492831     0.0000000000    -0.0124717684
5     4.3337857574     1.1538461538    -0.0293769377
6     3.7742964063     0.0000000000    -0.0307593386
7     4.1425177431     1.1538461538    -0.0538906798
8     3.5753573567     0.0000000000    -0.0564267587
9     3.8739905139     1.1538461538    -0.0862310618
10     3.2960572765     0.0000000000    -0.0902892926
11     3.5188430229     1.1538461538    -0.1253075445
12     2.9266565125     0.0000000000    -0.1312050057
13     3.0844526777     1.1538461538    -0.1669297137
14     2.4748245627     0.0000000000    -0.1747857444
15     2.6011561708     1.1538461538    -0.2034396658
16     1.9721121112     0.0000000000    -0.2130115414
17     1.4684998687     0.0000000000    -0.2362863138
18     2.1170051913     1.1538461538    -0.2256757089
19     1.0146148593     0.0000000000    -0.2379911531
20     1.6806648926     1.1538461538    -0.2273202897
21     0.6435606664     0.0000000000    -0.2179471216
22     1.3239457344     1.1538461538    -0.2082048692
23     0.3647318028     0.0000000000    -0.1810974455
24     1.0558616882     1.1538461538    -0.1730502837
25     0.1702089024     0.0000000000    -0.1327939436
26     0.8687771635     1.1538461538    -0.1269670180
27     0.0470973931     0.0000000000    -0.0738525735
28     0.7502384502     1.1538461538    -0.0707251147
29     0.0000000000     0.0000000000     0.0000000000
30     0.7046349260     1.1538461538     0.0000000000
31     0.7502384502     1.1538461538     0.0707251147
32     0.0470973931     0.0000000000     0.0738525735
33     0.8687771635     1.1538461538     0.1269670180
34     0.1702089024     0.0000000000     0.1327939436
35     1.0558616882     1.1538461538     0.1730502837
36     0.3647318028     0.0000000000     0.1810974455
37     1.3239457344     1.1538461538     0.2082048692
38     0.6435606664     0.0000000000     0.2179471216
39     1.6806648926     1.1538461538     0.2273202897
40     1.0146148593     0.0000000000     0.2379911531
41     2.1170051913     1.1538461538     0.2256757089
42     1.4684998687     0.0000000000     0.2362863138
43     2.6011561708     1.1538461538     0.2034396658
44     1.9721121112     0.0000000000     0.2130115414
45     2.4748245627     0.0000000000     0.1747857444
46     3.0844526777     1.1538461538     0.1669297137
47     2.9266565125     0.0000000000     0.1312050057
48     3.5188430229     1.1538461538     0.1253075445
49     3.2960572765     0.0000000000     0.0902892926
50     3.8739905139     1.1538461538     0.0862310618
51     3.5753573567     0.0000000000     0.0564267587
52     4.1425177431     1.1538461538     0.0538906798
53     3.7742964063     0.0000000000     0.0307593386
54     4.3337857574     1.1538461538     0.0293769377
55     3.9100492831     0.0000000000     0.0124717684
56     4.4643052059     1.1538461538     0.0119112648
57     5.0185611288     2.3076923077    -0.0113507611
58     5.1015775443     2.3076923077     0.0000000000
59     4.8932751085     2.3076923077    -0.0279945369
60     4.7096781295     2.3076923077    -0.0513546008
61     4.4519237512     2.3076923077    -0.0821728310
62     4.1110295334     2.3076923077    -0.1194100833
63     3.6940807928     2.3076923077    -0.1590736829
64     3.2302002305     2.3076923077    -0.1938677903
65     2.7655105139     2.3076923077    -0.2150651041
66     2.3467149260     2.3076923077    -0.2166494263
67     2.0043308025     2.3076923077    -0.1984626168
68     1.7469915737     2.3076923077    -0.1650031220
69     1.5673454246     2.3076923077    -0.1211400925
70     1.4533795074     2.3076923077    -0.0675976559
71     1.4092698520     2.3076923077     0.0000000000
72     1.4533795074     2.3076923077     0.0675976559
73     1.5673454246     2.3076923077     0.1211400925
74     1.7469915737     2.3076923077     0.1650031220
75     2.0043308025     2.3076923077     0.1984626168
76     2.3467149260     2.3076923077     0.2166494263
77     2.7655105139     2.3076923077     0.2150651041
78     3.2302002305     2.3076923077     0.1938677903
79     3.6940807928     2.3076923077     0.1590736829
80     4.1110295334     2.3076923077     0.1194100833
81     4.4519237512     2.3076923077     0.0821728310
82     4.7096781295     2.3076923077     0.0513546008
83     4.8932751085     2.3076923077     0.0279945369
84     5.0185611288     2.3076923077     0.0113507611
85     5.5728170516     3.4615384615    -0.0107902574
86     5.6523663164     3.4615384615     0.0000000000
87     5.4527644595     3.4615384615    -0.0266121361
88     5.2768385159     3.4615384615    -0.0488185219
89     5.0298569886     3.4615384615    -0.0781146002
90     4.7032160438     3.4615384615    -0.1135126221
91     4.3037089078     3.4615384615    -0.1512176521
92     3.8592442902     3.4615384615    -0.1842959147
93     3.4140158365     3.4615384615    -0.2044544992
94     3.0127649593     3.4615384615    -0.2059785629
95     2.6847158706     3.4615384615    -0.1887203643
96     2.4381214591     3.4615384615    -0.1569559603
97     2.2659136858     3.4615384615    -0.1153131669
98     2.1565205645     3.4615384615    -0.0644701971
99     2.1139047780     3.4615384615     0.0000000000
100     2.1565205645     3.4615384615     0.0644701971
101     2.2659136858     3.4615384615     0.1153131669
102     2.4381214591     3.4615384615     0.1569559603
103     2.6847158706     3.4615384615     0.1887203643
104     3.0127649593     3.4615384615     0.2059785629
105     3.4140158365     3.4615384615     0.2044544992
106     3.8592442902     3.4615384615     0.1842959147
107     4.3037089078     3.4615384615     0.1512176521
108     4.7032160438     3.4615384615     0.1135126221
109     5.0298569886     3.4615384615     0.0781146002
110     5.2768385159     3.4615384615     0.0488185219
111     5.4527644595     3.4615384615     0.0266121361
112     5.5728170516     3.4615384615     0.0107902574
113     6.1270729745     4.6153846154    -0.0102297538
114     6.2031550886     4.6153846154     0.0000000000
115     6.0122538106     4.6153846154    -0.0252297352
116     5.8439989023     4.6153846154    -0.0462824430
117     5.6077902259     4.6153846154    -0.0740563694
118     5.2954025543     4.6153846154    -0.1076151608
119     4.9133370229     4.6153846154    -0.1433616214
120     4.4882883498     4.6153846154    -0.1747240391
121     4.0625211591     4.6153846154    -0.1938438944
122     3.6788149927     4.6153846154    -0.1953076995
123     3.3651009387     4.6153846154    -0.1789781119
124     3.1292513446     4.6153846154    -0.1489087985
125     2.9644819469     4.6153846154    -0.1094862413
126     2.8596616216     4.6153846154    -0.0613427382
127     2.8185397040     4.6153846154     0.0000000000
128     2.8596616216     4.6153846154     0.0613427382
129     2.9644819469     4.6153846154     0.1094862413
130     3.1292513446     4.6153846154     0.1489087985
131     3.3651009387     4.6153846154     0.1789781119
132     3.6788149927     4.6153846154     0.1953076995
133     4.0625211591     4.6153846154     0.1938438944
134     4.4882883498     4.6153846154     0.1747240391
135     4.9133370229     4.6153846154     0.1433616214
136     5.2954025543     4.6153846154     0.1076151608
137     5.6077902259     4.6153846154     0.0740563694
138     5.8439989023     4.6153846154     0.0462824430
139     6.0122538106     4.6153846154     0.0252297352
140     6.1270729745     4.6153846154     0.0102297538
141     6.6813288973     5.7692307692    -0.0096692501
142     6.7539438607     5.7692307692     0.0000000000
143     6.5717431617     5.7692307692    -0.0238473344
144     6.4111592887     5.7692307692    -0.0437463640
145     6.1857234633     5.7692307692    -0.0699981386
146     5.8875890647     5.7692307692    -0.1017176996
147     5.5229651379     5.7692307692    -0.1355055906
148     5.1173324095     5.7692307692    -0.1651521635
149     4.7110264816     5.7692307692    -0.1832332896
150     4.3448650260     5.7692307692    -0.1846368361
151     4.0454860068     5.7692307692    -0.1692358595
152     3.8203812300     5.7692307692    -0.1408616368
153     3.6630502080     5.7692307692    -0.1036593157
154     3.5628026787     5.7692307692    -0.0582152794
155     3.5231746299     5.7692307692     0.0000000000
156     3.5628026787     5.7692307692     0.0582152794
157     3.6630502080     5.7692307692     0.1036593157
158     3.8203812300     5.7692307692     0.1408616368
159     4.0454860068     5.7692307692     0.1692358595
160     4.3448650260     5.7692307692     0.1846368361
161     4.7110264816     5.7692307692     0.1832332896
162     5.1173324095     5.7692307692     0.1651521635
163     5.5229651379     5.7692307692     0.1355055906
164     5.8875890647     5.7692307692     0.1017176996
165     6.1857234633     5.7692307692     0.0699981386
166     6.4111592887     5.7692307692     0.0437463640
167     6.5717431617     5.7692307692     0.0238473344
168     6.6813288973     5.7692307692     0.0096692501
169     7.2355848202     6.9230769231    -0.0091087465
170     7.3047326329     6.9230769231     0.0000000000
171     7.1312325127     6.9230769231    -0.0224649336
172     6.9783196751     6.9230769231    -0.0412102851
173     6.7636567006     6.9230769231    -0.0659399078
174     6.4797755752     6.9230769231    -0.0958202384
175     6.1325932530     6.9230769231    -0.1276495598
176     5.7463764691     6.9230769231    -0.1555802879
177     5.3595318042     6.9230769231    -0.1726226847
178     5.0109150593     6.9230769231    -0.1739659727
179     4.7258710749     6.9230769231    -0.1594936071
180     4.5115111154     6.9230769231    -0.1328144750
181     4.3616184692     6.9230769231    -0.0978323901
182     4.2659437358     6.9230769231    -0.0550878206
183     4.2278095559     6.9230769231     0.0000000000
184     4.2659437358     6.9230769231     0.0550878206
185     4.3616184692     6.9230769231     0.0978323901
186     4.5115111154     6.9230769231     0.1328144750
187     4.7258710749     6.9230769231     0.1594936071
188     5.0109150593     6.9230769231     0.1739659727
189     5.3595318042     6.9230769231     0.1726226847
190     5.7463764691     6.9230769231     0.1555802879
191     6.1325932530     6.9230769231     0.1276495598
192     6.4797755752     6.9230769231     0.0958202384
193     6.7636567006     6.9230769231     0.0659399078
194     6.9783196751     6.9230769231     0.0412102851
195     7.1312325127     6.9230769231     0.0224649336
196     7.2355848202     6.9230769231     0.0091087465
197     7.7898407430     8.0769230769    -0.0085482428
198     7.8555214050     8.0769230769     0.0000000000
199     7.6907218638     8.0769230769    -0.0210825327
200     7.5454800615     8.0769230769    -0.0386742062
201     7.3415899380     8.0769230769    -0.0618816769
202     7.0719620857     8.0769230769    -0.0899227772
203     6.7422213680     8.0769230769    -0.1197935291
204     6.3754205288     8.0769230769    -0.1460084123
205     6.0080371268     8.0769230769    -0.1620120799
206     5.6769650927     8.0769230769    -0.1632951093
207     5.4062561430     8.0769230769    -0.1497513547
208     5.2026410009     8.0769230769    -0.1247673133
209     5.0601867303     8.0769230769    -0.0920054645
210     4.9690847929     8.0769230769    -0.0519603618
211     4.9324444819     8.0769230769     0.0000000000
212     4.9690847929     8.0769230769     0.0519603618
213     5.0601867303     8.0769230769     0.0920054645
214     5.2026410009     8.0769230769     0.1247673133
215     5.4062561430     8.0769230769     0.1497513547
216     5.6769650927     8.0769230769     0.1632951093
217     6.0080371268     8.0769230769     0.1620120799
218     6.3754205288     8.0769230769     0.1460084123
219     6.7422213680     8.0769230769     0.1197935291
220     7.0719620857     8.0769230769     0.0899227772
221     7.3415899380     8.0769230769     0.0618816769
222     7.5454800615     8.0769230769     0.0386742062
223     7.6907218638     8.0769230769     0.0210825327
224     7.7898407430     8.0769230769     0.0085482428
225     8.3440966659     9.2307692308    -0.0079877391
226     8.4063101771     9.2307692308     0.0000000000
227     8.2502112149     9.2307692308    -0.0197001319
228     8.1126404479     9.2307692308    -0.0361381272
229     7.9195231753     9.2307692308    -0.0578234461
230     7.6641485961     9.2307692308    -0.0840253160
231     7.3518494831     9.2307692308    -0.1119374983
232     7.0044645884     9.2307692308    -0.1364365368
233     6.6565424494     9.2307692308    -0.1514014750
234     6.3430151260     9.2307692308    -0.1526242459
235     6.0866412111     9.2307692308    -0.1400091023
236     5.8937708863     9.2307692308    -0.1167201516
237     5.7587549914     9.2307692308    -0.0861785389
238     5.6722258500     9.2307692308    -0.0488329030
239     5.6370794079     9.2307692308     0.0000000000
240     5.6722258500     9.2307692308     0.0488329030
241     5.7587549914     9.2307692308     0.0861785389
242     5.8937708863     9.2307692308     0.1167201516
243     6.0866412111     9.2307692308     0.1400091023
244     6.3430151260     9.2307692308     0.1526242459
245     6.6565424494     9.2307692308     0.1514014750
246     7.0044645884     9.2307692308     0.1364365368
247     7.3518494831     9.2307692308     0.1119374983
248     7.6641485961     9.2307692308     0.0840253160
249     7.9195231753     9.2307692308     0.0578234461
250     8.1126404479     9.2307692308     0.0361381272
251     8.2502112149     9.2307692308     0.0197001319
252     8.3440966659     9.2307692308     0.0079877391
253     8.8983525887    10.3846153846    -0.0074272355
254     8.9570989493    10.3846153846     0.0000000000
255     8.8097005659    10.3846153846    -0.0183177311
256     8.6798008342    10.3846153846    -0.0336020483
257     8.4974564127    10.3846153846    -0.0537652153
258     8.2563351066    10.3846153846    -0.0781278547
259     7.9614775981    10.3846153846    -0.1040814675
260     7.6335086481    10.3846153846    -0.1268646612
261     7.3050477720    10.3846153846    -0.1407908702
262     7.0090651594    10.3846153846    -0.1419533825
263     6.7670262792    10.3846153846    -0.1302668498
264     6.5849007717    10.3846153846    -0.1086729898
265     6.4573232526    10.3846153846    -0.0803516133
266     6.3753669071    10.3846153846    -0.0457054442
267     6.3417143339    10.3846153846     0.0000000000
268     6.3753669071    10.3846153846     0.0457054442
269     6.4573232526    10.3846153846     0.0803516133
270     6.5849007717    10.3846153846     0.1086729898
271     6.7670262792    10.3846153846     0.1302668498
272     7.0090651594    10.3846153846     0.1419533825
273     7.3050477720    10.3846153846     0.1407908702
274     7.6335086481    10.3846153846     0.1268646612
275     7.9614775981    10.3846153846     0.1040814675
276     8.2563351066    10.3846153846     0.0781278547
277     8.4974564127    10.3846153846     0.0537652153
278     8.6798008342    10.3846153846     0.0336020483
279     8.8097005659    10.3846153846     0.0183177311
280     8.8983525887    10.3846153846     0.0074272355
281     9.4526085116    11.5384615385    -0.0068667318
282     9.5078877214    11.5384615385     0.0000000000
283     9.3691899170    11.5384615385    -0.0169353302
284     9.2469612206    11.5384615385    -0.0310659694
285     9.0753896500    11.5384615385    -0.0497069845
286     8.8485216170    11.5384615385    -0.0722303935
287     8.5711057132    11.5384615385    -0.0962254367
288     8.2625527078    11.5384615385    -0.1172927856
289     7.9535530946    11.5384615385    -0.1301802654
290     7.6751151927    11.5384615385    -0.1312825191
291     7.4474113473    11.5384615385    -0.1205245974
292     7.2760306572    11.5384615385    -0.1006258281
293     7.1558915137    11.5384615385    -0.0745246878
294     7.0785079643    11.5384615385    -0.0425779853
295     7.0463492599    11.5384615385     0.0000000000
296     7.0785079643    11.5384615385     0.0425779853
297     7.1558915137    11.5384615385     0.0745246878
298     7.2760306572    11.5384615385     0.1006258281
299     7.4474113473    11.5384615385     0.1205245974
300     7.6751151927    11.5384615385     0.1312825191
301     7.9535530946    11.5384615385     0.1301802654
302     8.2625527078    11.5384615385     0.1172927856
303     8.5711057132    11.5384615385     0.0962254367
304     8.8485216170    11.5384615385     0.0722303935
305     9.0753896500    11.5384615385     0.0497069845
306     9.2469612206    11.5384615385     0.0310659694
307     9.3691899170    11.5384615385     0.0169353302
308     9.4526085116    11.5384615385     0.0068667318
309    10.0068644344    12.6923076923    -0.0063062281
310    10.0586764936    12.6923076923     0.0000000000
311     9.9286792681    12.6923076923    -0.0155529294
312     9.8141216070    12.6923076923    -0.0285298904
313     9.6533228874    12.6923076923    -0.0456487537
314     9.4407081275    12.6923076923    -0.0663329323
315     9.1807338282    12.6923076923    -0.0883694060
316     8.8915967674    12.6923076923    -0.1077209100
317     8.6020584171    12.6923076923    -0.1195696605
318     8.3411652261    12.6923076923    -0.1206116557
319     8.1277964154    12.6923076923    -0.1107823450
320     7.9671605426    12.6923076923    -0.0925786663
321     7.8544597748    12.6923076923    -0.0686977622
322     7.7816490214    12.6923076923    -0.0394505265
323     7.7509841859    12.6923076923     0.0000000000
324     7.7816490214    12.6923076923     0.0394505265
325     7.8544597748    12.6923076923     0.0686977622
326     7.9671605426    12.6923076923     0.0925786663
327     8.1277964154    12.6923076923     0.1107823450
328     8.3411652261    12.6923076923     0.1206116557
329     8.6020584171    12.6923076923     0.1195696605
330     8.8915967674    12.6923076923     0.1077209100
331     9.1807338282    12.6923076923     0.0883694060
332     9.4407081275    12.6923076923     0.0663329323
333     9.6533228874    12.6923076923     0.0456487537
334     9.8141216070    12.6923076923     0.0285298904
335     9.9286792681    12.6923076923     0.0155529294
336    10.0068644344    12.6923076923     0.0063062281
337    10.5611203573    13.8461538462    -0.0057457245
338    10.6094652657    13.8461538462     0.0000000000
339    10.4881686191    13.8461538462    -0.0141705286
340    10.3812819934    13.8461538462    -0.0259938115
341    10.2312561247    13.8461538462    -0.0415905229
342    10.0328946379    13.8461538462    -0.0604354711
343     9.7903619433    13.8461538462    -0.0805133752
344     9.5206408271    13.8461538462    -0.0981490344
345     9.2505637397    13.8461538462    -0.1089590557
346     9.0072152594    13.8461538462    -0.1099407923
347     8.8081814835    13.8461538462    -0.1010400926
348     8.6582904281    13.8461538462    -0.0845315046
349     8.5530280359    13.8461538462    -0.0628708366
350     8.4847900785    13.8461538462    -0.0363230677
351     8.4556191119    13.8461538462     0.0000000000
352     8.4847900785    13.8461538462     0.0363230677
353     8.5530280359    13.8461538462     0.0628708366
354     8.6582904281    13.8461538462     0.0845315046
355     8.8081814835    13.8461538462     0.1010400926
356     9.0072152594    13.8461538462     0.1099407923
357     9.2505637397    13.8461538462     0.1089590557
358     9.5206408271    13.8461538462     0.0981490344
359     9.7903619433    13.8461538462     0.0805133752
360    10.0328946379    13.8461538462     0.0604354711
361    10.2312561247    13.8461538462     0.0415905229
362    10.3812819934    13.8461538462     0.0259938115
363    10.4881686191    13.8461538462     0.0141705286
364    10.5611203573    13.8461538462     0.0057457245
365    11.1153762801    15.0000000000    -0.0051852208
366    11.1602540378    15.0000000000     0.0000000000
367    11.0476579702    15.0000000000    -0.0127881277
368    10.9484423798    15.0000000000    -0.0234577326
369    10.8091893621    15.0000000000    -0.0375322921
370    10.6250811484    15.0000000000    -0.0545380098
371    10.3999900583    15.0000000000    -0.0726573444
372    10.1496848867    15.0000000000    -0.0885771588
373     9.8990690623    15.0000000000    -0.0983484508
374     9.6732652927    15.0000000000    -0.0992699289
375     9.4885665516    15.0000000000    -0.0912978402
376     9.3494203135    15.0000000000    -0.0764843429
377     9.2515962971    15.0000000000    -0.0570439110
378     9.1879311356    15.0000000000    -0.0331956089
379     9.1602540378    15.0000000000     0.0000000000
380     9.1879311356    15.0000000000     0.0331956089
381     9.2515962971    15.0000000000     0.0570439110
382     9.3494203135    15.0000000000     0.0764843429
383     9.4885665516    15.0000000000     0.0912978402
384     9.6732652927    15.0000000000     0.0992699289
385     9.8990690623    15.0000000000     0.0983484508
386    10.1496848867    15.0000000000     0.0885771588
387    10.3999900583    15.0000000000     0.0726573444
388    10.6250811484    15.0000000000     0.0545380098
389    10.8091893621    15.0000000000     0.0375322921
390    10.9484423798    15.0000000000     0.0234577326
391    11.0476579702    15.0000000000     0.0127881277
392    11.1153762801    15.0000000000     0.0051852208
393    11.1153762801    15.0000000000    -0.0025926104
394    11.0476579702    15.0000000000    -0.0063940639
395    10.9484423798    15.0000000000    -0.0117288663
396    10.8091893621    15.0000000000    -0.0187661460
397    10.6250811484    15.0000000000    -0.0272690049
398    10.3999900583    15.0000000000    -0.0363286722
399    10.1496848867    15.0000000000    -0.0442885794
400     9.8990690623    15.0000000000    -0.0491742254
401     9.6732652927    15.0000000000    -0.0496349645
402     9.4885665516    15.0000000000    -0.0456489201
403     9.3494203135    15.0000000000    -0.0382421714
404     9.2515962971    15.0000000000    -0.0285219555
405     9.1879311356    15.0000000000    -0.0165978044
406     9.1879311356    15.0000000000     0.0165978044
407     9.2515962971    15.0000000000     0.0285219555
408     9.3494203135    15.0000000000     0.0382421714
409     9.4885665516    15.0000000000     0.0456489201
410     9.6732652927    15.0000000000     0.0496349645
411     9.8990690623    15.0000000000     0.0491742254
412    10.1496848867    15.0000000000     0.0442885794
413    10.3999900583    15.0000000000     0.0363286722
414    10.6250811484    15.0000000000     0.0272690049
415    10.8091893621    15.0000000000     0.0187661460
416    10.9484423798    15.0000000000     0.0117288663
417    11.0476579702    15.0000000000     0.0063940639
418    11.1153762801    15.0000000000     0.0025926104
419    11.1153762801    15.0000000000    -0.0000000000
420    11.0476579702    15.0000000000    -0.0000000000
421    10.9484423798    15.0000000000     0.0000000000
422    10.8091893621    15.0000000000    -0.0000000000
423    10.6250811484    15.0000000000     0.0000000000
424    10.3999900583    15.0000000000    -0.0000000000
425    10.1496848867    15.0000000000    -0.0000000000
426     9.8990690623    15.0000000000     0.0000000000
427     9.6732652927    15.0000000000     0.0000000000
428     9.4885665516    15.0000000000     0.0000000000
429     9.3494203135    15.0000000000     0.0000000000
430     9.2515962971    15.0000000000    -0.0000000000
431     9.1879311356    15.0000000000     0.0000000000
432     4.5507887721    -1.1538461538     0.0000000000
433     4.4643052059    -1.1538461538    -0.0119112648
434     4.3337857574    -1.1538461538    -0.0293769377
435     4.1425177431    -1.1538461538    -0.0538906798
436     3.8739905139    -1.1538461538    -0.0862310618
437     3.5188430229    -1.1538461538    -0.1253075445
438     3.0844526777    -1.1538461538    -0.1669297137
439     2.6011561708    -1.1538461538    -0.2034396658
440     2.1170051913    -1.1538461538    -0.2256757089
441     1.6806648926    -1.1538461538    -0.2273202897
442     1.3239457344    -1.1538461538    -0.2082048692
443     1.0558616882    -1.1538461538    -0.1730502837
444     0.8687771635    -1.1538461538    -0.1269670180
445     0.7502384502    -1.1538461538    -0.0707251147
446     0.7046349260    -1.1538461538     0.0000000000
447     0.7502384502    -1.1538461538     0.0707251147
448     0.8687771635    -1.1538461538     0.1269670180
449     1.0558616882    -1.1538461538     0.1730502837
450     1.3239457344    -1.1538461538     0.2082048692
451     1.6806648926    -1.1538461538     0.2273202897
452     2.1170051913    -1.1538461538     0.2256757089
453     2.6011561708    -1.1538461538     0.2034396658
454     3.0844526777    -1.1538461538     0.1669297137
455     3.5188430229    -1.1538461538     0.1253075445
456     3.8739905139    -1.1538461538     0.0862310618
457     4.1425177431    -1.1538461538     0.0538906798
458     4.3337857574    -1.1538461538     0.0293769377
459     4.4643052059    -1.1538461538     0.0119112648
460     5.1015775443    -2.3076923077     0.0000000000
461     5.0185611288    -2.3076923077    -0.0113507611
462     4.8932751085    -2.3076923077    -0.0279945369
463     4.7096781295    -2.3076923077    -0.0513546008
464     4.4519237512    -2.3076923077    -0.0821728310
465     4.1110295334    -2.3076923077    -0.1194100833
466     3.6940807928    -2.3076923077    -0.1590736829
467     3.2302002305    -2.3076923077    -0.1938677903
468     2.7655105139    -2.3076923077    -0.2150651041
469     2.3467149260    -2.3076923077    -0.2166494263
470     2.0043308025    -2.3076923077    -0.1984626168
471     1.7469915737    -2.3076923077    -0.1650031220
472     1.5673454246    -2.3076923077    -0.1211400925
473     1.4533795074    -2.3076923077    -0.0675976559
474     1.4092698520    -2.3076923077     0.0000000000
475     1.4533795074    -2.3076923077     0.0675976559
476     1.5673454246    -2.3076923077     0.1211400925
477     1.7469915737    -2.3076923077     0.1650031220
478     2.0043308025    -2.3076923077     0.1984626168
479     2.3467149260    -2.3076923077     0.2166494263
480     2.7655105139    -2.3076923077     0.2150651041
481     3.2302002305    -2.3076923077     0.1938677903
482     3.6940807928    -2.3076923077     0.1590736829
483     4.1110295334    -2.3076923077     0.1194100833
484     4.4519237512    -2.3076923077     0.0821728310
485     4.7096781295    -2.3076923077     0.0513546008
486     4.8932751085    -2.3076923077     0.0279945369
487     5.0185611288    -2.3076923077     0.0113507611
488     5.6523663164    -3.4615384615     0.0000000000
489     5.5728170516    -3.4615384615    -0.0107902574
490     5.4527644595    -3.4615384615    -0.0266121361
491     5.2768385159    -3.4615384615    -0.0488185219
492     5.0298569886    -3.4615384615    -0.0781146002
493     4.7032160438    -3.4615384615    -0.1135126221
494     4.3037089078    -3.4615384615    -0.1512176521
495     3.8592442902    -3.4615384615    -0.1842959147
496     3.4140158365    -3.4615384615    -0.2044544992
497     3.0127649593    -3.4615384615    -0.2059785629
498     2.6847158706    -3.4615384615    -0.1887203643
499     2.4381214591    -3.4615384615    -0.1569559603
500     2.2659136858    -3.4615384615    -0.1153131669
501     2.1565205645    -3.4615384615    -0.0644701971
502     2.1139047780    -3.4615384615     0.0000000000
503     2.1565205645    -3.4615384615     0.0644701971
504     2.2659136858    -3.4615384615     0.1153131669
505     2.4381214591    -3.4615384615     0.1569559603
506     2.6847158706    -3.4615384615     0.1887203643
507     3.0127649593    -3.4615384615     0.2059785629
508     3.4140158365    -3.4615384615     0.2044544992
509     3.8592442902    -3.4615384615     0.1842959147
510     4.3037089078    -3.4615384615     0.1512176521
511     4.7032160438    -3.4615384615     0.1135126221
512     5.0298569886    -3.4615384615     0.0781146002
513     5.2768385159    -3.4615384615     0.0488185219
514     5.4527644595    -3.4615384615     0.0266121361
515     5.5728170516    -3.4615384615     0.0107902574
516     6.2031550886    -4.6153846154     0.0000000000
517     6.1270729745    -4.6153846154    -0.0102297538
518     6.0122538106    -4.6153846154    -0.0252297352
519     5.8439989023    -4.6153846154    -0.0462824430
520     5.6077902259    -4.6153846154    -0.0740563694
521     5.2954025543    -4.6153846154    -0.1076151608
522     4.9133370229    -4.6153846154    -0.1433616214
523     4.4882883498    -4.6153846154    -0.1747240391
524     4.0625211591    -4.6153846154    -0.1938438944
525     3.6788149927    -4.6153846154    -0.1953076995
526     3.3651009387    -4.6153846154    -0.1789781119
527     3.1292513446    -4.6153846154    -0.1489087985
528     2.9644819469    -4.6153846154    -0.1094862413
529     2.8596616216    -4.6153846154    -0.0613427382
530     2.8185397040    -4.6153846154     0.0000000000
531     2.8596616216    -4.6153846154     0.0613427382
532     2.9644819469    -4.6153846154     0.1094862413
533     3.1292513446    -4.6153846154     0.1489087985
534     3.3651009387    -4.6153846154     0.1789781119
535     3.6788149927    -4.6153846154     0.1953076995
536     4.0625211591    -4.6153846154     0.1938438944
537     4.4882883498    -4.6153846154     0.1747240391
538     4.9133370229    -4.6153846154     0.1433616214
539     5.2954025543    -4.6153846154     0.1076151608
540     5.6077902259    -4.6153846154     0.0740563694
541     5.8439989023    -4.6153846154     0.0462824430
542     6.0122538106    -4.6153846154     0.0252297352
543     6.1270729745    -4.6153846154     0.0102297538
544     6.7539438607    -5.7692307692     0.0000000000
545     6.6813288973    -5.7692307692    -0.0096692501
546     6.5717431617    -5.7692307692    -0.0238473344
547     6.4111592887    -5.7692307692    -0.0437463640
548     6.1857234633    -5.7692307692    -0.0699981386
549     5.8875890647    -5.7692307692    -0.1017176996
550     5.5229651379    -5.7692307692    -0.1355055906
551     5.1173324095    -5.7692307692    -0.1651521635
552     4.7110264816    -5.7692307692    -0.1832332896
553     4.3448650260    -5.7692307692    -0.1846368361
554     4.0454860068    -5.7692307692    -0.1692358595
555     3.8203812300    -5.7692307692    -0.1408616368
556     3.6630502080    -5.7692307692    -0.1036593157
557     3.5628026787    -5.7692307692    -0.0582152794
558     3.5231746299    -5.7692307692     0.0000000000
559     3.5628026787    -5.7692307692     0.0582152794
560     3.6630502080    -5.7692307692     0.1036593157
561     3.8203812300    -5.7692307692     0.1408616368
562     4.0454860068    -5.7692307692     0.1692358595
563     4.3448650260    -5.7692307692     0.1846368361
564     4.7110264816    -5.7692307692     0.1832332896
565     5.1173324095    -5.7692307692     0.1651521635
566     5.5229651379    -5.7692307692     0.1355055906
567     5.8875890647    -5.7692307692     0.1017176996
568     6.1857234633    -5.7692307692     0.0699981386
569     6.4111592887    -5.7692307692     0.0437463640
570     6.5717431617    -5.7692307692     0.0238473344
571     6.6813288973    -5.7692307692     0.0096692501
572     7.3047326329    -6.9230769231     0.0000000000
573     7.2355848202    -6.9230769231    -0.0091087465
574     7.1312325127    -6.9230769231    -0.0224649336
575     6.9783196751    -6.9230769231    -0.0412102851
576     6.7636567006    -6.9230769231    -0.0659399078
577     6.4797755752    -6.9230769231    -0.0958202384
578     6.1325932530    -6.9230769231    -0.1276495598
579     5.7463764691    -6.9230769231    -0.1555802879
580     5.3595318042    -6.9230769231    -0.1726226847
581     5.0109150593    -6.9230769231    -0.1739659727
582     4.7258710749    -6.9230769231    -0.1594936071
583     4.5115111154    -6.9230769231    -0.1328144750
584     4.3616184692    -6.9230769231    -0.0978323901
585     4.2659437358    -6.9230769231    -0.0550878206
586     4.2278095559    -6.9230769231     0.0000000000
587     4.2659437358    -6.9230769231     0.0550878206
588     4.3616184692    -6.9230769231     0.0978323901
589     4.5115111154    -6.9230769231     0.1328144750
590     4.7258710749    -6.9230769231     0.1594936071
591     5.0109150593    -6.9230769231     0.1739659727
592     5.3595318042    -6.9230769231     0.1726226847
593     5.7463764691    -6.9230769231     0.1555802879
594     6.1325932530    -6.9230769231     0.1276495598
595     6.4797755752    -6.9230769231     0.0958202384
596     6.7636567006    -6.9230769231     0.0659399078
597     6.9783196751    -6.9230769231     0.0412102851
598     7.1312325127    -6.9230769231     0.0224649336
599     7.2355848202    -6.9230769231     0.0091087465
600     7.8555214050    -8.0769230769     0.0000000000
601     7.7898407430    -8.0769230769    -0.0085482428
602     7.6907218638    -8.0769230769    -0.0210825327
603     7.5454800615    -8.0769230769    -0.0386742062
604     7.3415899380    -8.0769230769    -0.0618816769
605     7.0719620857    -8.0769230769    -0.0899227772
606     6.7422213680    -8.0769230769    -0.1197935291
607     6.3754205288    -8.0769230769    -0.1460084123
608     6.0080371268    -8.0769230769    -0.1620120799
609     5.6769650927    -8.0769230769    -0.1632951093
610     5.4062561430    -8.0769230769    -0.1497513547
611     5.2026410009    -8.0769230769    -0.1247673133
612     5.0601867303    -8.0769230769    -0.0920054645
613     4.9690847929    -8.0769230769    -0.0519603618
614     4.9324444819    -8.0769230769     0.0000000000
615     4.9690847929    -8.0769230769     0.0519603618
616     5.0601867303    -8.0769230769     0.0920054645
617     5.2026410009    -8.0769230769     0.1247673133
618     5.4062561430    -8.0769230769     0.1497513547
619     5.6769650927    -8.0769230769     0.1632951093
620     6.0080371268    -8.0769230769     0.1620120799
621     6.3754205288    -8.0769230769     0.1460084123
622     6.7422213680    -8.0769230769     0.1197935291
623     7.0719620857    -8.0769230769     0.0899227772
624     7.3415899380    -8.0769230769     0.0618816769
625     7.5454800615    -8.0769230769     0.0386742062
626     7.6907218638    -8.0769230769     0.0210825327
627     7.7898407430    -8.0769230769     0.0085482428
628     8.4063101771    -9.2307692308     0.0000000000
629     8.3440966659    -9.2307692308    -0.0079877391
630     8.2502112149    -9.2307692308    -0.0197001319
631     8.1126404479    -9.2307692308    -0.0361381272
632     7.9195231753    -9.2307692308    -0.0578234461
633     7.6641485961    -9.2307692308    -0.0840253160
634     7.3518494831    -9.2307692308    -0.1119374983
635     7.0044645884    -9.2307692308    -0.1364365368
636     6.6565424494    -9.2307692308    -0.1514014750
637     6.3430151260    -9.2307692308    -0.1526242459
638     6.0866412111    -9.2307692308    -0.1400091023
639     5.8937708863    -9.2307692308    -0.1167201516
640     5.7587549914    -9.2307692308    -0.0861785389
641     5.6722258500    -9.2307692308    -0.0488329030
642     5.6370794079    -9.2307692308     0.0000000000
643     5.6722258500    -9.2307692308     0.0488329030
644     5.7587549914    -9.2307692308     0.0861785389
645     5.8937708863    -9.2307692308     0.1167201516
646     6.0866412111    -9.2307692308     0.1400091023
647     6.3430151260    -9.2307692308     0.1526242459
648     6.6565424494    -9.2307692308     0.1514014750
649     7.0044645884    -9.2307692308     0.1364365368
650     7.3518494831    -9.2307692308     0.1119374983
651     7.6641485961    -9.2307692308     0.0840253160
652     7.9195231753    -9.2307692308     0.0578234461
653     8.1126404479    -9.2307692308     0.0361381272
654     8.2502112149    -9.2307692308     0.0197001319
655     8.3440966659    -9.2307692308     0.0079877391
656     8.9570989493   -10.3846153846     0.0000000000
657     8.8983525887   -10.3846153846    -0.0074272355
658     8.8097005659   -10.3846153846    -0.0183177311
659     8.6798008342   -10.3846153846    -0.0336020483
660     8.4974564127   -10.3846153846    -0.0537652153
661     8.2563351066   -10.3846153846    -0.0781278547
662     7.9614775981   -10.3846153846    -0.1040814675
663     7.6335086481   -10.3846153846    -0.1268646612
664     7.3050477720   -10.3846153846    -0.1407908702
665     7.0090651594   -10.3846153846    -0.1419533825
666     6.7670262792   -10.3846153846    -0.1302668498
667     6.5849007717   -10.3846153846    -0.1086729898
668     6.4573232526   -10.3846153846    -0.0803516133
669     6.3753669071   -10.3846153846    -0.0457054442
670     6.3417143339   -10.3846153846     0.0000000000
671     6.3753669071   -10.3846153846     0.0457054442
672     6.4573232526   -10.3846153846     0.0803516133
673     6.5849007717   -10.3846153846     0.1086729898
674     6.7670262792   -10.3846153846     0.1302668498
675     7.0090651594   -10.3846153846     0.1419533825
676     7.3050477720   -10.3846153846     0.1407908702
677     7.6335086481   -10.3846153846     0.1268646612
678     7.9614775981   -10.3846153846     0.1040814675
679     8.2563351066   -10.3846153846     0.0781278547
680     8.4974564127   -10.3846153846     0.0537652153
681     8.6798008342   -10.3846153846     0.0336020483
682     8.8097005659   -10.3846153846     0.0183177311
683     8.8983525887   -10.3846153846     0.0074272355
684     9.5078877214   -11.5384615385     0.0000000000
685     9.4526085116   -11.5384615385    -0.0068667318
686     9.3691899170   -11.5384615385    -0.0169353302
687     9.2469612206   -11.5384615385    -0.0310659694
688     9.0753896500   -11.5384615385    -0.0497069845
689     8.8485216170   -11.5384615385    -0.0722303935
690     8.5711057132   -11.5384615385    -0.0962254367
691     8.2625527078   -11.5384615385    -0.1172927856
692     7.9535530946   -11.5384615385    -0.1301802654
693     7.6751151927   -11.5384615385    -0.1312825191
694     7.4474113473   -11.5384615385    -0.1205245974
695     7.2760306572   -11.5384615385    -0.1006258281
696     7.1558915137   -11.5384615385    -0.0745246878
697     7.0785079643   -11.5384615385    -0.0425779853
698     7.0463492599   -11.5384615385     0.0000000000
699     7.0785079643   -11.5384615385     0.0425779853
700     7.1558915137   -11.5384615385     0.0745246878
701     7.2760306572   -11.5384615385     0.1006258281
702     7.4474113473   -11.5384615385     0.1205245974
703     7.6751151927   -11.5384615385     0.1312825191
704     7.9535530946   -11.5384615385     0.1301802654
705     8.2625527078   -11.5384615385     0.1172927856
706     8.5711057132   -11.5384615385     0.0962254367
707     8.8485216170   -11.5384615385     0.0722303935
708     9.0753896500   -11.5384615385     0.0497069845
709     9.2469612206   -11.5384615385     0.0310659694
710     9.3691899170   -11.5384615385     0.0169353302
711     9.4526085116   -11.5384615385     0.0068667318
712    10.0586764936   -12.6923076923     0.0000000000
713    10.0068644344   -12.6923076923    -0.0063062281
714     9.9286792681   -12.6923076923    -0.0155529294
715     9.8141216070   -12.6923076923    -0.0285298904
716     9.6533228874   -12.6923076923    -0.0456487537
717     9.4407081275   -12.6923076923    -0.0663329323
718     9.1807338282   -12.6923076923    -0.0883694060
719     8.8915967674   -12.6923076923    -0.1077209100
720     8.6020584171   -12.6923076923    -0.1195696605
721     8.3411652261   -12.6923076923    -0.1206116557
722     8.1277964154   -12.6923076923    -0.1107823450
723     7.9671605426   -12.6923076923    -0.0925786663
724     7.8544597748   -12.6923076923    -0.0686977622
725     7.7816490214   -12.6923076923    -0.0394505265
726     7.7509841859   -12.6923076923     0.0000000000
727     7.7816490214   -12.6923076923     0.0394505265
728     7.8544597748   -12.6923076923     0.0686977622
729     7.9671605426   -12.6923076923     0.0925786663
730     8.1277964154   -12.6923076923     0.1107823450
731     8.3411652261   -12.6923076923     0.1206116557
732     8.6020584171   -12.6923076923     0.1195696605
733     8.8915967674   -12.6923076923     0.1077209100
734     9.1807338282   -12.6923076923     0.0883694060
735     9.4407081275   -12.6923076923     0.0663329323
736     9.6533228874   -12.6923076923     0.0456487537
737     9.8141216070   -12.6923076923     0.0285298904
738     9.9286792681   -12.6923076923     0.0155529294
739    10.0068644344   -12.6923076923     0.0063062281
740    10.6094652657   -13.8461538462     0.0000000000
741    10.5611203573   -13.8461538462    -0.0057457245
742    10.4881686191   -13.8461538462    -0.0141705286
743    10.3812819934   -13.8461538462    -0.0259938115
744    10.2312561247   -13.8461538462    -0.0415905229
745    10.0328946379   -13.8461538462    -0.0604354711
746     9.7903619433   -13.8461538462    -0.0805133752
747     9.5206408271   -13.8461538462    -0.0981490344
748     9.2505637397   -13.8461538462    -0.1089590557
749     9.0072152594   -13.8461538462    -0.1099407923
750     8.8081814835   -13.8461538462    -0.1010400926
751     8.6582904281   -13.8461538462    -0.0845315046
752     8.5530280359   -13.8461538462    -0.0628708366
753     8.4847900785   -13.8461538462    -0.0363230677
754     8.4556191119   -13.8461538462     0.0000000000
755     8.4847900785   -13.8461538462     0.0363230677
756     8.5530280359   -13.8461538462     0.0628708366
757     8.6582904281   -13.8461538462     0.0845315046
758     8.8081814835   -13.8461538462     0.1010400926
759     9.0072152594   -13.8461538462     0.1099407923
760     9.2505637397   -13.8461538462     0.1089590557
761     9.5206408271   -13.8461538462     0.0981490344
762     9.7903619433   -13.8461538462     0.0805133752
763    10.0328946379   -13.8461538462     0.0604354711
764    10.2312561247   -13.8461538462     0.0415905229
765    10.3812819934   -13.8461538462     0.0259938115
766    10.4881686191   -13.8461538462     0.0141705286
767    10.5611203573   -13.8461538462     0.0057457245
768    11.1602540378   -15.0000000000     0.0000000000
769    11.1153762801   -15.0000000000    -0.0051852208
770    11.0476579702   -15.0000000000    -0.0127881277
771    10.9484423798   -15.0000000000    -0.0234577326
772    10.8091893621   -15.0000000000    -0.0375322921
773    10.6250811484   -15.0000000000    -0.0545380098
774    10.3999900583   -15.0000000000    -0.0726573444
775    10.1496848867   -15.0000000000    -0.0885771588
776     9.8990690623   -15.0000000000    -0.0983484508
777     9.6732652927   -15.0000000000    -0.0992699289
778     9.4885665516   -15.0000000000    -0.0912978402
779     9.3494203135   -15.0000000000    -0.0764843429
780     9.2515962971   -15.0000000000    -0.0570439110
781     9.1879311356   -15.0000000000    -0.0331956089
782     9.1602540378   -15.0000000000     0.0000000000
783     9.1879311356   -15.0000000000     0.0331956089
784     9.2515962971   -15.0000000000     0.0570439110
785     9.3494203135   -15.0000000000     0.0764843429
786     9.4885665516   -15.0000000000     0.0912978402
787     9.6732652927   -15.0000000000     0.0992699289
788     9.8990690623   -15.0000000000     0.0983484508
789    10.1496848867   -15.0000000000     0.0885771588
790    10.3999900583   -15.0000000000     0.0726573444
791    10.6250811484   -15.0000000000     0.0545380098
792    10.8091893621   -15.0000000000     0.0375322921
793    10.9484423798   -15.0000000000     0.0234577326
794    11.0476579702   -15.0000000000     0.0127881277
795    11.1153762801   -15.0000000000     0.0051852208
796    11.1153762801   -15.0000000000    -0.0025926104
797    11.0476579702   -15.0000000000    -0.0063940639
798    10.9484423798   -15.0000000000    -0.0117288663
799    10.8091893621   -15.0000000000    -0.0187661460
800    10.6250811484   -15.0000000000    -0.0272690049
801    10.3999900583   -15.0000000000    -0.0363286722
802    10.1496848867   -15.0000000000    -0.0442885794
803     9.8990690623   -15.0000000000    -0.0491742254
804     9.6732652927   -15.0000000000    -0.0496349645
805     9.4885665516   -15.0000000000    -0.0456489201
806     9.3494203135   -15.0000000000    -0.0382421714
807     9.2515962971   -15.0000000000    -0.0285219555
808     9.1879311356   -15.0000000000    -0.0165978044
809     9.1879311356   -15.0000000000     0.0165978044
810     9.2515962971   -15.0000000000     0.0285219555
811     9.3494203135   -15.0000000000     0.0382421714
812     9.4885665516   -15.0000000000     0.0456489201
813     9.6732652927   -15.0000000000     0.0496349645
814     9.8990690623   -15.0000000000     0.0491742254
815    10.1496848867   -15.0000000000     0.0442885794
816    10.3999900583   -15.0000000000     0.0363286722
817    10.6250811484   -15.0000000000     0.0272690049
818    10.8091893621   -15.0000000000     0.0187661460
819    10.9484423798   -15.0000000000     0.0117288663
820    11.0476579702   -15.0000000000     0.0063940639
821    11.1153762801   -15.0000000000     0.0025926104
822    11.1153762801   -15.0000000000    -0.0000000000
823    11.0476579702   -15.0000000000    -0.0000000000
824    10.9484423798   -15.0000000000     0.0000000000
825    10.8091893621   -15.0000000000    -0.0000000000
826    10.6250811484   -15.0000000000     0.0000000000
827    10.3999900583   -15.0000000000    -0.0000000000
828    10.1496848867   -15.0000000000    -0.0000000000
829     9.8990690623   -15.0000000000     0.0000000000
830     9.6732652927   -15.0000000000     0.0000000000
831     9.4885665516   -15.0000000000     0.0000000000
832     9.3494203135   -15.0000000000     0.0000000000
833     9.2515962971   -15.0000000000    -0.0000000000
834     9.1879311356   -15.0000000000     0.0000000000
$EndNodes
$Elements
1664
1 2 0 1 3 2
2 2 0 1 2 4
3 2 0 4 2 5
4 2 0 4 5 6
5 2 0 6 5 7
6 2 0 6 7 8
7 2 0 8 7 9
8 2 0 8 9 10
9 2 0 10 9 11
10 2 0 10 11 12
11 2 0 12 11 13
12 2 0 12 13 14
13 2 0 14 13 15
14 2 0 14 15 16
15 2 0 16 15 17
16 2 0 15 18 17
17 2 0 17 18 19
18 2 0 18 20 19
19 2 0 19 20 21
20 2 0 20 22 21
21 2 0 21 22 23
22 2 0 22 24 23
23 2 0 23 24 25
24 2 0 24 26 25
25 2 0 25 26 27
26 2 0 26 28 27
27 2 0 27 28 29
28 2 0 28 30 29
29 2 0 29 30 31
30 2 0 29 31 32
31 2 0 32 31 33
32 2 0 32 33 34
33 2 0 34 33 35
34 2 0 34 35 36
35 2 0 36 35 37
36 2 0 36 37 38
37 2 0 38 37 39
38 2 0 38 39 40
39 2 0 40 39 41
40 2 0 40 41 42
41 2 0 42 41 43
42 2 0 42 43 44
43 2 0 44 43 45
44 2 0 43 46 45
45 2 0 45 46 47
46 2 0 46 48 47
47 2 0 47 48 49
48 2 0 48 50 49
49 2 0 49 50 51
50 2 0 50 52 51
51 2 0 51 52 53
52 2 0 52 54 53
53 2 0 53 54 55
54 2 0 54 56 55
55 2 0 55 56 1
56 2 0 56 3 1
57 2 0 3 58 57
58 2 0 3 57 2
59 2 0 2 57 59
60 2 0 2 59 5
61 2 0 5 59 60
62 2 0 5 60 7
63 2 0 7 60 61
64 2 0 7 61 9
65 2 0 9 61 62
66 2 0 9 62 11
67 2 0 11 62 63
68 2 0 11 63 13
69 2 0 13 63 64
70 2 0 13 64 15
71 2 0 15 64 18
72 2 0 64 65 18
73 2 0 18 65 20
74 2 0 65 66 20
75 2 0 20 66 22
76 2 0 66 67 22
77 2 0 22 67 24
78 2 0 67 68 24
79 2 0 24 68 26
80 2 0 68 69 26
81 2 0 26 69 28
82 2 0 69 70 28
83 2 0 28 70 30
84 2 0 70 71 30
85 2 0 30 71 72
86 2 0 30 72 31
87 2 0 31 72 73
88 2 0 31 73 33
89 2 0 33 73 74
90 2 0 33 74 35
91 2 0 35 74 75
92 2 0 35 75 37
93 2 0 37 75 76
94 2 0 37 76 39
95 2 0 39 76 77
96 2 0 39 77 41
97 2 0 41 77 78
98 2 0 41 78 43
99 2 0 43 78 46
100 2 0 78 79 46
101 2 0 46 79 48
102 2 0 79 80 48
103 2 0 48 80 50
104 2 0 80 81 50
105 2 0 50 81 52
106 2 0 81 82 52
107 2 0 52 82 54
108 2 0 82 83 54
109 2 0 54 83 56
110 2 0 83 84 56
111 2 0 56 84 3
112 2 0 84 58 3
113 2 0 58 86 85
114 2 0 58 85 57
115 2 0 57 85 87
116 2 0 57 87 59
117 2 0 59 87 88
118 2 0 59 88 60
119 2 0 60 88 89
120 2 0 60 89 61
121 2 0 61 89 90
122 2 0 61 90 62
123 2 0 62 90 91
124 2 0 62 91 63
125 2 0 63 91 92
126 2 0 63 92 64
127 2 0 64 92 65
128 2 0 92 93 65
129 2 0 65 93 66
130 2 0 93 94 66
131 2 0 66 94 67
132 2 0 94 95 67
133 2 0 67 95 68
134 2 0 95 96 68
135 2 0 68 96 69
136 2 0 96 97 69
137 2 0 69 97 70
138 2 0 97 98 70
139 2 0 70 98 71
140 2 0 98 99 71
141 2 0 71 99 100
142 2 0 71 100 72
143 2 0 72 100 101
144 2 0 72 101 73
145 2 0 73 101 102
146 2 0 73 102 74
147 2 0 74 102 103
148 2 0 74 103 75
149 2 0 75 103 104
150 2 0 75 104 76
151 2 0 76 104 105
152 2 0 76 105 77
153 2 0 77 105 106
154 2 0 77 106 78
155 2 0 78 106 79
156 2 0 106 107 79
157 2 0 79 107 80
158 2 0 107 108 80
159 2 0 80 108 81
160 2 0 108 109 81
161 2 0 81 109 82
162 2 0 109 110 82
163 2 0 82 110 83
164 2 0 110 111 83
165 2 0 83 111 84
166 2 0 111 112 84
167 2 0 84 112 58
168 2 0 112 86 58
169 2 0 86 114 113
170 2 0 86 113 85
171 2 0 85 113 115
172 2 0 85 115 87
173 2 0 87 115 116
174 2 0 87 116 88
175 2 0 88 116 117
176 2 0 88 117 89
177 2 0 89 117 118
178 2 0 89 118 90
179 2 0 90 118 119
180 2 0 90 119 91
181 2 0 91 119 120
182 2 0 91 120 92
183 2 0 92 120 93
184 2 0 120 121 93
185 2 0 93 121 94
186 2 0 121 122 94
187 2 0 94 122 95
188 2 0 122 123 95
189 2 0 95 123 96
190 2 0 123 124 96
191 2 0 96 124 97
192 2 0 124 125 97
193 2 0 97 125 98
194 2 0 125 126 98
195 2 0 98 126 99
196 2 0 126 127 99
197 2 0 99 127 128
198 2 0 99 128 100
199 2 0 100 128 129
200 2 0 100 129 101
201 2 0 101 129 130
202 2 0 101 130 102
203 2 0 102 130 131
204 2 0 102 131 103
205 2 0 103 131 132
206 2 0 103 132 104
207 2 0 104 132 133
208 2 0 104 133 105
209 2 0 105 133 134
210 2 0 105 134 106
211 2 0 106 134 107
212 2 0 134 135 107
213 2 0 107 135 108
214 2 0 135 136 108
215 2 0 108 136 109
216 2 0 136 137 109
217 2 0 109 137 110
218 2 0 137 138 110
219 2 0 110 138 111
220 2 0 138 139 111
221 2 0 111 139 112
222 2 0 139 140 112
223 2 0 112 140 86
224 2 0 140 114 86
225 2 0 114 142 141
226 2 0 114 141 113
227 2 0 113 141 143
228 2 0 113 143 115
229 2 0 115 143 144
230 2 0 115 144 116
231 2 0 116 144 145
232 2 0 116 145 117
233 2 0 117 145 146
234 2 0 117 146 118
235 2 0 118 146 147
236 2 0 118 147 119
237 2 0 119 147 148
238 2 0 119 148 120
239 2 0 120 148 121
240 2 0 148 149 121
241 2 0 121 149 122
242 2 0 149 150 122
243 2 0 122 150 123
244 2 0 150 151 123
245 2 0 123 151 124
246 2 0 151 152 124
247 2 0 124 152 125
248 2 0 152 153 125
249 2 0 125 153 126
250 2 0 153 154 126
251 2 0 126 154 127
252 2 0 154 155 127
253 2 0 127 155 156
254 2 0 127 156 128
255 2 0 128 156 157
256 2 0 128 157 129
257 2 0 129 157 158
258 2 0 129 158 130
259 2 0 130 158 159
260 2 0 130 159 131
261 2 0 131 159 160
262 2 0 131 160 132
263 2 0 132 160 161
264 2 0 132 161 133
265 2 0 133 161 162
266 2 0 133 162 134
267 2 0 134 162 135
268 2 0 162 163 135
269 2 0 135 163 136
270 2 0 163 164 136
271 2 0 136 164 137
272 2 0 164 165 137
273 2 0 137 165 138
274 2 0 165 166 138
275 2 0 138 166 139
276 2 0 166 167 139
277 2 0 139 167 140
278 2 0 167 168 140
279 2 0 140 168 114
280 2 0 168 142 114
281 2 0 142 170 169
282 2 0 142 169 141
283 2 0 141 169 171
284 2 0 141 171 143
285 2 0 143 171 172
286 2 0 143 172 144
287 2 0 144 172 173
288 2 0 144 173 145
289 2 0 145 173 174
290 2 0 145 174 146
291 2 0 146 174 175
292 2 0 146 175 147
293 2 0 147 175 176
294 2 0 147 176 148
295 2 0 148 176 149
296 2 0 176 177 149
297 2 0 149 177 150
298 2 0 177 178 150
299 2 0 150 178 151
300 2 0 178 179 151
301 2 0 151 179 152
302 2 0 179 180 152
303 2 0 152 180 153
304 2 0 180 181 153
305 2 0 153 181 154
306 2 0 181 182 154
307 2 0 154 182 155
308 2 0 182 183 155
309 2 0 155 183 184
310 2 0 155 184 156
311 2 0 156 184 185
312 2 0 156 185 157
313 2 0 157 185 186
314 2 0 157 186 158
315 2 0 158 186 187
316 2 0 158 187 159
317 2 0 159 187 188
318 2 0 159 188 160
319 2 0 160 188 189
320 2 0 160 189 161
321 2 0 161 189 190
322 2 0 161 190 162
323 2 0 162 190 163
324 2 0 190 191 163
325 2 0 163 191 164
326 2 0 191 192 164
327 2 0 164 192 165
328 2 0 192 193 165
329 2 0 165 193 166
330 2 0 193 194 166
331 2 0 166 194 167
332 2 0 194 195 167
333 2 0 167 195 168
334 2 0 195 196 168
335 2 0 168 196 142
336 2 0 196 170 142
337 2 0 170 198 197
338 2 0 170 197 169
339 2 0 169 197 199
340 2 0 169 199 171
341 2 0 171 199 200
342 2 0 171 200 172
343 2 0 172 200 201
344 2 0 172 201 173
345 2 0 173 201 202
346 2 0 173 202 174
347 2 0 174 202 203
348 2 0 174 203 175
349 2 0 175 203 204
350 2 0 175 204 176
351 2 0 176 204 177
352 2 0 204 205 177
353 2 0 177 205 178
354 2 0 205 206 178
355 2 0 178 206 179
356 2 0 206 207 179
357 2 0 179 207 180
358 2 0 207 208 180
359 2 0 180 208 181
360 2 0 208 209 181
361 2 0 181 209 182
362 2 0 209 210 182
363 2 0 182 210 183
364 2 0 210 211 183
365 2 0 183 211 212
366 2 0 183 212 184
367 2 0 184 212 213
368 2 0 184 213 185
369 2 0 185 213 214
370 2 0 185 214 186
371 2 0 186 214 215
372 2 0 186 215 187
373 2 0 187 215 216
374 2 0 187 216 188
375 2 0 188 216 217
376 2 0 188 217 189
377 2 0 189 217 218
378 2 0 189 218 190
379 2 0 190 218 191
380 2 0 218 219 191
381 2 0 191 219 192
382 2 0 219 220 192
383 2 0 192 220 193
384 2 0 220 221 193
385 2 0 193 221 194
386 2 0 221 222 194
387 2 0 194 222 195
388 2 0 222 223 195
389 2 0 195 223 196
390 2 0 223 224 196
391 2 0 196 224 170
392 2 0 224 198 170
393 2 0 198 226 225
394 2 0 198 225 197
395 2 0 197 225 227
396 2 0 197 227 199
397 2 0 199 227 228
398 2 0 199 228 200
399 2 0 200 228 229
400 2 0 200 229 201
401 2 0 201 229 230
402 2 0 201 230 202
403 2 0 202 230 231
404 2 0 202 231 203
405 2 0 203 231 232
406 2 0 203 232 204
407 2 0 204 232 205
408 2 0 232 233 205
409 2 0 205 233 206
410 2 0 233 234 206
411 2 0 206 234 207
412 2 0 234 235 207
413 2 0 207 235 208
414 2 0 235 236 208
415 2 0 208 236 209
416 2 0 236 237 209
417 2 0 209 237 210
418 2 0 237 238 210
419 2 0 210 238 211
420 2 0 238 239 211
421 2 0 211 239 240
422 2 0 211 240 212
423 2 0 212 240 241
424 2 0 212 241 213
425 2 0 213 241 242
426 2 0 213 242 214
427 2 0 214 242 243
428 2 0 214 243 215
429 2 0 215 243 244
430 2 0 215 244 216
431 2 0 216 244 245
432 2 0 216 245 217
433 2 0 217 245 246
434 2 0 217 246 218
435 2 0 218 246 219
436 2 0 246 247 219
437 2 0 219 247 220
438 2 0 247 248 220
439 2 0 220 248 221
440 2 0 248 249 221
441 2 0 221 249 222
442 2 0 249 250 222
443 2 0 222 250 223
444 2 0 250 251 223
445 2 0 223 251 224
446 2 0 251 252 224
447 2 0 224 252 198
448 2 0 252 226 198
449 2 0 226 254 253
450 2 0 226 253 225
451 2 0 225 253 255
452 2 0 225 255 227
453 2 0 227 255 256
454 2 0 227 256 228
455 2 0 228 256 257
456 2 0 228 257 229
457 2 0 229 257 258
458 2 0 229 258 230
459 2 0 230 258 259
460 2 0 230 259 231
461 2 0 231 259 260
462 2 0 231 260 232
463 2 0 232 260 233
464 2 0 260 261 233
465 2 0 233 261 234
466 2 0 261 262 234
467 2 0 234 262 235
468 2 0 262 263 235
469 2 0 235 263 236
470 2 0 263 264 236
471 2 0 236 264 237
472 2 0 264 265 237
473 2 0 237 265 238
474 2 0 265 266 238
475 2 0 238 266 239
476 2 0 266 267 239
477 2 0 239 267 268
478 2 0 239 268 240
479 2 0 240 268 269
480 2 0 240 269 241
481 2 0 241 269 270
482 2 0 241 270 242
483 2 0 242 270 271
484 2 0 242 271 243
485 2 0 243 271 272
486 2 0 243 272 244
487 2 0 244 272 273
488 2 0 244 273 245
489 2 0 245 273 274
490 2 0 245 274 246
491 2 0 246 274 247
492 2 0 274 275 247
493 2 0 247 275 248
494 2 0 275 276 248
495 2 0 248 276 249
496 2 0 276 277 249
497 2 0 249 277 250
498 2 0 277 278 250
499 2 0 250 278 251
500 2 0 278 279 251
501 2 0 251 279 252
502 2 0 279 280 252
503 2 0 252 280 226
504 2 0 280 254 226
505 2 0 254 282 281
506 2 0 254 281 253
507 2 0 253 281 283
508 2 0 253 283 255
509 2 0 255 283 284
510 2 0 255 284 256
511 2 0 256 284 285
512 2 0 256 285 257
513 2 0 257 285 286
514 2 0 257 286 258
515 2 0 258 286 287
516 2 0 258 287 259
517 2 0 259 287 288
518 2 0 259 288 260
519 2 0 260 288 261
520 2 0 288 289 261
521 2 0 261 289 262
522 2 0 289 290 262
523 2 0 262 290 263
524 2 0 290 291 263
525 2 0 263 291 264
526 2 0 291 292 264
527 2 0 264 292 265
528 2 0 292 293 265
529 2 0 265 293 266
530 2 0 293 294 266
531 2 0 266 294 267
532 2 0 294 295 267
533 2 0 267 295 296
534 2 0 267 296 268
535 2 0 268 296 297
536 2 0 268 297 269
537 2 0 269 297 298
538 2 0 269 298 270
539 2 0 270 298 299
540 2 0 270 299 271
541 2 0 271 299 300
542 2 0 271 300 272
543 2 0 272 300 301
544 2 0 272 301 273
545 2 0 273 301 302
546 2 0 273 302 274
547 2 0 274 302 275
548 2 0 302 303 275
549 2 0 275 303 276
550 2 0 303 304 276
551 2 0 276 304 277
552 2 0 304 305 277
553 2 0 277 305 278
554 2 0 305 306 278
555 2 0 278 306 279
556 2 0 306 307 279
557 2 0 279 307 280
558 2 0 307 308 280
559 2 0 280 308 254
560 2 0 308 282 254
561 2 0 282 310 309
562 2 0 282 309 281
563 2 0 281 309 311
564 2 0 281 311 283
565 2 0 283 311 312
566 2 0 283 312 284
567 2 0 284 312 313
568 2 0 284 313 285
569 2 0 285 313 314
570 2 0 285 314 286
571 2 0 286 314 315
572 2 0 286 315 287
573 2 0 287 315 316
574 2 0 287 316 288
575 2 0 288 316 289
576 2 0 316 317 289
577 2 0 289 317 290
578 2 0 317 318 290
579 2 0 290 318 291
580 2 0 318 319 291
581 2 0 291 319 292
582 2 0 319 320 292
583 2 0 292 320 293
584 2 0 320 321 293
585 2 0 293 321 294
586 2 0 321 322 294
587 2 0 294 322 295
588 2 0 322 323 295
589 2 0 295 323 324
590 2 0 295 324 296
591 2 0 296 324 325
592 2 0 296 325 297
593 2 0 297 325 326
594 2 0 297 326 298
595 2 0 298 326 327
596 2 0 298 327 299
597 2 0 299 327 328
598 2 0 299 328 300
599 2 0 300 328 329
600 2 0 300 329 301
601 2 0 301 329 330
602 2 0 301 330 302
603 2 0 302 330 303
604 2 0 330 331 303
605 2 0 303 331 304
606 2 0 331 332 304
607 2 0 304 332 305
608 2 0 332 333 305
609 2 0 305 333 306
610 2 0 333 334 306
611 2 0 306 334 307
612 2 0 334 335 307
613 2 0 307 335 308
614 2 0 335 336 308
615 2 0 308 336 282
616 2 0 336 310 282
617 2 0 310 338 337
618 2 0 310 337 309
619 2 0 309 337 339
620 2 0 309 339 311
621 2 0 311 339 340
622 2 0 311 340 312
623 2 0 312 340 341
624 2 0 312 341 313
625 2 0 313 341 342
626 2 0 313 342 314
627 2 0 314 342 343
628 2 0 314 343 315
629 2 0 315 343 344
630 2 0 315 344 316
631 2 0 316 344 317
632 2 0 344 345 317
633 2 0 317 345 318
634 2 0 345 346 318
635 2 0 318 346 319
636 2 0 346 347 319
637 2 0 319 347 320
638 2 0 347 348 320
639 2 0 320 348 321
640 2 0 348 349 321
641 2 0 321 349 322
642 2 0 349 350 322
643 2 0 322 350 323
644 2 0 350 351 323
645 2 0 323 351 352
646 2 0 323 352 324
647 2 0 324 352 353
648 2 0 324 353 325
649 2 0 325 353 354
650 2 0 325 354 326
651 2 0 326 354 355
652 2 0 326 355 327
653 2 0 327 355 356
654 2 0 327 356 328
655 2 0 328 356 357
656 2 0 328 357 329
657 2 0 329 357 358
658 2 0 329 358 330
659 2 0 330 358 331
660 2 0 358 359 331
661 2 0 331 359 332
662 2 0 359 360 332
663 2 0 332 360 333
664 2 0 360 361 333
665 2 0 333 361 334
666 2 0 361 362 334
667 2 0 334 362 335
668 2 0 362 363 335
669 2 0 335 363 336
670 2 0 363 364 336
671 2 0 336 364 310
672 2 0 364 338 310
673 2 0 338 366 365
674 2 0 338 365 337
675 2 0 337 365 367
676 2 0 337 367 339
677 2 0 339 367 368
678 2 0 339 368 340
679 2 0 340 368 369
680 2 0 340 369 341
681 2 0 341 369 370
682 2 0 341 370 342
683 2 0 342 370 371
684 2 0 342 371 343
685 2 0 343 371 372
686 2 0 343 372 344
687 2 0 344 372 345
688 2 0 372 373 345
689 2 0 345 373 346
690 2 0 373 374 346
691 2 0 346 374 347
692 2 0 374 375 347
693 2 0 347 375 348
694 2 0 375 376 348
695 2 0 348 376 349
696 2 0 376 377 349
697 2 0 349 377 350
698 2 0 377 378 350
699 2 0 350 378 351
700 2 0 378 379 351
701 2 0 351 379 380
702 2 0 351 380 352
703 2 0 352 380 381
704 2 0 352 381 353
705 2 0 353 381 382
706 2 0 353 382 354
707 2 0 354 382 383
708 2 0 354 383 355
709 2 0 355 383 384
710 2 0 355 384 356
711 2 0 356 384 385
712 2 0 356 385 357
713 2 0 357 385 386
714 2 0 357 386 358
715 2 0 358 386 359
716 2 0 386 387 359
717 2 0 359 387 360
718 2 0 387 388 360
719 2 0 360 388 361
720 2 0 388 389 361
721 2 0 361 389 362
722 2 0 389 390 362
723 2 0 362 390 363
724 2 0 390 391 363
725 2 0 363 391 364
726 2 0 391 392 364
727 2 0 364 392 338
728 2 0 392 366 338
729 2 0 366 393 365
730 2 0 365 393 394
731 2 0 365 394 367
732 2 0 367 394 395
733 2 0 367 395 368
734 2 0 368 395 396
735 2 0 368 396 369
736 2 0 369 396 397
737 2 0 369 397 370
738 2 0 370 397 398
739 2 0 370 398 371
740 2 0 371 398 399
741 2 0 371 399 372
742 2 0 372 399 373
743 2 0 399 400 373
744 2 0 373 400 374
745 2 0 400 401 374
746 2 0 374 401 375
747 2 0 401 402 375
748 2 0 375 402 376
749 2 0 402 403 376
750 2 0 376 403 377
751 2 0 403 404 377
752 2 0 377 404 378
753 2 0 404 405 378
754 2 0 378 405 379
755 2 0 379 406 380
756 2 0 380 406 407
757 2 0 380 407 381
758 2 0 381 407 408
759 2 0 381 408 382
760 2 0 382 408 409
761 2 0 382 409 383
762 2 0 383 409 410
763 2 0 383 410 384
764 2 0 384 410 411
765 2 0 384 411 385
766 2 0 385 411 412
767 2 0 385 412 386
768 2 0 386 412 387
769 2 0 412 413 387
770 2 0 387 413 388
771 2 0 413 414 388
772 2 0 388 414 389
773 2 0 414 415 389
774 2 0 389 415 390
775 2 0 415 416 390
776 2 0 390 416 391
777 2 0 416 417 391
778 2 0 391 417 392
779 2 0 417 418 392
780 2 0 392 418 366
781 2 0 366 419 393
782 2 0 393 419 420
783 2 0 393 420 394
784 2 0 394 420 421
785 2 0 394 421 395
786 2 0 395 421 422
787 2 0 395 422 396
788 2 0 396 422 423
789 2 0 396 423 397
790 2 0 397 423 424
791 2 0 397 424 398
792 2 0 398 424 425
793 2 0 398 425 399
794 2 0 399 425 400
795 2 0 425 426 400
796 2 0 400 426 401
797 2 0 426 427 401
798 2 0 401 427 402
799 2 0 427 428 402
800 2 0 402 428 403
801 2 0 428 429 403
802 2 0 403 429 404
803 2 0 429 430 404
804 2 0 404 430 405
805 2 0 430 431 405
806 2 0 405 431 379
807 2 0 379 431 406
808 2 0 406 431 430
809 2 0 406 430 407
810 2 0 407 430 429
811 2 0 407 429 408
812 2 0 408 429 428
813 2 0 408 428 409
814 2 0 409 428 427
815 2 0 409 427 410
816 2 0 410 427 426
817 2 0 410 426 411
818 2 0 411 426 425
819 2 0 411 425 412
820 2 0 412 425 413
821 2 0 425 424 413
822 2 0 413 424 414
823 2 0 424 423 414
824 2 0 414 423 415
825 2 0 423 422 415
826 2 0 415 422 416
827 2 0 422 421 416
828 2 0 416 421 417
829 2 0 421 420 417
830 2 0 417 420 418
831 2 0 420 419 418
832 2 0 418 419 366
833 2 0 1 433 432
834 2 0 1 4 433
835 2 0 4 434 433
836 2 0 4 6 434
837 2 0 6 435 434
838 2 0 6 8 435
839 2 0 8 436 435
840 2 0 8 10 436
841 2 0 10 437 436
842 2 0 10 12 437
843 2 0 12 438 437
844 2 0 12 14 438
845 2 0 14 439 438
846 2 0 14 16 439
847 2 0 16 17 439
848 2 0 439 17 440
849 2 0 17 19 440
850 2 0 440 19 441
851 2 0 19 21 441
852 2 0 441 21 442
853 2 0 21 23 442
854 2 0 442 23 443
855 2 0 23 25 443
856 2 0 443 25 444
857 2 0 25 27 444
858 2 0 444 27 445
859 2 0 27 29 445
860 2 0 445 29 446
861 2 0 29 447 446
862 2 0 29 32 447
863 2 0 32 448 447
864 2 0 32 34 448
865 2 0 34 449 448
866 2 0 34 36 449
867 2 0 36 450 449
868 2 0 36 38 450
869 2 0 38 451 450
870 2 0 38 40 451
871 2 0 40 452 451
872 2 0 40 42 452
873 2 0 42 453 452
874 2 0 42 44 453
875 2 0 44 45 453
876 2 0 453 45 454
877 2 0 45 47 454
878 2 0 454 47 455
879 2 0 47 49 455
880 2 0 455 49 456
881 2 0 49 51 456
882 2 0 456 51 457
883 2 0 51 53 457
884 2 0 457 53 458
885 2 0 53 55 458
886 2 0 458 55 459
887 2 0 55 1 459
888 2 0 459 1 432
889 2 0 432 461 460
890 2 0 432 433 461
891 2 0 433 462 461
892 2 0 433 434 462
893 2 0 434 463 462
894 2 0 434 435 463
895 2 0 435 464 463
896 2 0 435 436 464
897 2 0 436 465 464
898 2 0 436 437 465
899 2 0 437 466 465
900 2 0 437 438 466
901 2 0 438 467 466
902 2 0 438 439 467
903 2 0 439 440 467
904 2 0 467 440 468
905 2 0 440 441 468
906 2 0 468 441 469
907 2 0 441 442 469
908 2 0 469 442 470
909 2 0 442 443 470
910 2 0 470 443 471
911 2 0 443 444 471
912 2 0 471 444 472
913 2 0 444 445 472
914 2 0 472 445 473
915 2 0 445 446 473
916 2 0 473 446 474
917 2 0 446 475 474
918 2 0 446 447 475
919 2 0 447 476 475
920 2 0 447 448 476
921 2 0 448 477 476
922 2 0 448 449 477
923 2 0 449 478 477
924 2 0 449 450 478
925 2 0 450 479 478
926 2 0 450 451 479
927 2 0 451 480 479
928 2 0 451 452 480
929 2 0 452 481 480
930 2 0 452 453 481
931 2 0 453 454 481
932 2 0 481 454 482
933 2 0 454 455 482
934 2 0 482 455 483
935 2 0 455 456 483
936 2 0 483 456 484
937 2 0 456 457 484
938 2 0 484 457 485
939 2 0 457 458 485
940 2 0 485 458 486
941 2 0 458 459 486
942 2 0 486 459 487
943 2 0 459 432 487
944 2 0 487 432 460
945 2 0 460 489 488
946 2 0 460 461 489
947 2 0 461 490 489
948 2 0 461 462 490
949 2 0 462 491 490
950 2 0 462 463 491
951 2 0 463 492 491
952 2 0 463 464 492
953 2 0 464 493 492
954 2 0 464 465 493
955 2 0 465 494 493
956 2 0 465 466 494
957 2 0 466 495 494
958 2 0 466 467 495
959 2 0 467 468 495
960 2 0 495 468 496
961 2 0 468 469 496
962 2 0 496 469 497
963 2 0 469 470 497
964 2 0 497 470 498
965 2 0 470 471 498
966 2 0 498 471 499
967 2 0 471 472 499
968 2 0 499 472 500
969 2 0 472 473 500
970 2 0 500 473 501
971 2 0 473 474 501
972 2 0 501 474 502
973 2 0 474 503 502
974 2 0 474 475 503
975 2 0 475 504 503
976 2 0 475 476 504
977 2 0 476 505 504
978 2 0 476 477 505
979 2 0 477 506 505
980 2 0 477 478 506
981 2 0 478 507 506
982 2 0 478 479 507
983 2 0 479 508 507
984 2 0 479 480 508
985 2 0 480 509 508
986 2 0 480 481 509
987 2 0 481 482 509
988 2 0 509 482 510
989 2 0 482 483 510
990 2 0 510 483 511
991 2 0 483 484 511
992 2 0 511 484 512
993 2 0 484 485 512
994 2 0 512 485 513
995 2 0 485 486 513
996 2 0 513 486 514
997 2 0 486 487 514
998 2 0 514 487 515
999 2 0 487 460 515
1000 2 0 515 460 488
1001 2 0 488 517 516
1002 2 0 488 489 517
1003 2 0 489 518 517
1004 2 0 489 490 518
1005 2 0 490 519 518
1006 2 0 490 491 519
1007 2 0 491 520 519
1008 2 0 491 492 520
1009 2 0 492 521 520
1010 2 0 492 493 521
1011 2 0 493 522 521
1012 2 0 493 494 522
1013 2 0 494 523 522
1014 2 0 494 495 523
1015 2 0 495 496 523
1016 2 0 523 496 524
1017 2 0 496 497 524
1018 2 0 524 497 525
1019 2 0 497 498 525
1020 2 0 525 498 526
1021 2 0 498 499 526
1022 2 0 526 499 527
1023 2 0 499 500 527
1024 2 0 527 500 528
1025 2 0 500 501 528
1026 2 0 528 501 529
1027 2 0 501 502 529
1028 2 0 529 502 530
1029 2 0 502 531 530
1030 2 0 502 503 531
1031 2 0 503 532 531
1032 2 0 503 504 532
1033 2 0 504 533 532
1034 2 0 504 505 533
1035 2 0 505 534 533
1036 2 0 505 506 534
1037 2 0 506 535 534
1038 2 0 506 507 535
1039 2 0 507 536 535
1040 2 0 507 508 536
1041 2 0 508 537 536
1042 2 0 508 509 537
1043 2 0 509 510 537
1044 2 0 537 510 538
1045 2 0 510 511 538
1046 2 0 538 511 539
1047 2 0 511 512 539
1048 2 0 539 512 540
1049 2 0 512 513 540
1050 2 0 540 513 541
1051 2 0 513 514 541
1052 2 0 541 514 542
1053 2 0 514 515 542
1054 2 0 542 515 543
1055 2 0 515 488 543
1056 2 0 543 488 516
1057 2 0 516 545 544
1058 2 0 516 517 545
1059 2 0 517 546 545
1060 2 0 517 518 546
1061 2 0 518 547 546
1062 2 0 518 519 547
1063 2 0 519 548 547
1064 2 0 519 520 548
1065 2 0 520 549 548
1066 2 0 520 521 549
1067 2 0 521 550 549
1068 2 0 521 522 550
1069 2 0 522 551 550
1070 2 0 522 523 551
1071 2 0 523 524 551
1072 2 0 551 524 552
1073 2 0 524 525 552
1074 2 0 552 525 553
1075 2 0 525 526 553
1076 2 0 553 526 554
1077 2 0 526 527 554
1078 2 0 554 527 555
1079 2 0 527 528 555
1080 2 0 555 528 556
1081 2 0 528 529 556
1082 2 0 556 529 557
1083 2 0 529 530 557
1084 2 0 557 530 558
1085 2 0 530 559 558
1086 2 0 530 531 559
1087 2 0 531 560 559
1088 2 0 531 532 560
1089 2 0 532 561 560
1090 2 0 532 533 561
1091 2 0 533 562 561
1092 2 0 533 534 562
1093 2 0 534 563 562
1094 2 0 534 535 563
1095 2 0 535 564 563
1096 2 0 535 536 564
1097 2 0 536 565 564
1098 2 0 536 537 565
1099 2 0 537 538 565
1100 2 0 565 538 566
1101 2 0 538 539 566
1102 2 0 566 539 567
1103 2 0 539 540 567
1104 2 0 567 540 568
1105 2 0 540 541 568
1106 2 0 568 541 569
1107 2 0 541 542 569
1108 2 0 569 542 570
1109 2 0 542 543 570
1110 2 0 570 543 571
1111 2 0 543 516 571
1112 2 0 571 516 544
1113 2 0 544 573 572
1114 2 0 544 545 573
1115 2 0 545 574 573
1116 2 0 545 546 574
1117 2 0 546 575 574
1118 2 0 546 547 575
1119 2 0 547 576 575
1120 2 0 547 548 576
1121 2 0 548 577 576
1122 2 0 548 549 577
1123 2 0 549 578 577
1124 2 0 549 550 578
1125 2 0 550 579 578
1126 2 0 550 551 579
1127 2 0 551 552 579
1128 2 0 579 552 580
1129 2 0 552 553 580
1130 2 0 580 553 581
1131 2 0 553 554 581
1132 2 0 581 554 582
1133 2 0 554 555 582
1134 2 0 582 555 583
1135 2 0 555 556 583
1136 2 0 583 556 584
1137 2 0 556 557 584
1138 2 0 584 557 585
1139 2 0 557 558 585
1140 2 0 585 558 586
1141 2 0 558 587 586
1142 2 0 558 559 587
1143 2 0 559 588 587
1144 2 0 559 560 588
1145 2 0 560 589 588
1146 2 0 560 561 589
1147 2 0 561 590 589
1148 2 0 561 562 590
1149 2 0 562 591 590
1150 2 0 562 563 591
1151 2 0 563 592 591
1152 2 0 563 564 592
1153 2 0 564 593 592
1154 2 0 564 565 593
1155 2 0 565 566 593
1156 2 0 593 566 594
1157 2 0 566 567 594
1158 2 0 594 567 595
1159 2 0 567 568 595
1160 2 0 595 568 596
1161 2 0 568 569 596
1162 2 0 596 569 597
1163 2 0 569 570 597
1164 2 0 597 570 598
1165 2 0 570 571 598
1166 2 0 598 571 599
1167 2 0 571 544 599
1168 2 0 599 544 572
1169 2 0 572 601 600
1170 2 0 572 573 601
1171 2 0 573 602 601
1172 2 0 573 574 602
1173 2 0 574 603 602
1174 2 0 574 575 603
1175 2 0 575 604 603
1176 2 0 575 576 604
1177 2 0 576 605 604
1178 2 0 576 577 605
1179 2 0 577 606 605
1180 2 0 577 578 606
1181 2 0 578 607 606
1182 2 0 578 579 607
1183 2 0 579 580 607
1184 2 0 607 580 608
1185 2 0 580 581 608
1186 2 0 608 581 609
1187 2 0 581 582 609
1188 2 0 609 582 610
1189 2 0 582 583 610
1190 2 0 610 583 611
1191 2 0 583 584 611
1192 2 0 611 584 612
1193 2 0 584 585 612
1194 2 0 612 585 613
1195 2 0 585 586 613
1196 2 0 613 586 614
1197 2 0 586 615 614
1198 2 0 586 587 615
1199 2 0 587 616 615
1200 2 0 587 588 616
1201 2 0 588 617 616
1202 2 0 588 589 617
1203 2 0 589 618 617
1204 2 0 589 590 618
1205 2 0 590 619 618
1206 2 0 590 591 619
1207 2 0 591 620 619
1208 2 0 591 592 620
1209 2 0 592 621 620
1210 2 0 592 593 621
1211 2 0 593 594 621
1212 2 0 621 594 622
1213 2 0 594 595 622
1214 2 0 622 595 623
1215 2 0 595 596 623
1216 2 0 623 596 624
1217 2 0 596 597 624
1218 2 0 624 597 625
1219 2 0 597 598 625
1220 2 0 625 598 626
1221 2 0 598 599 626
1222 2 0 626 599 627
1223 2 0 599 572 627
1224 2 0 627 572 600
1225 2 0 600 629 628
1226 2 0 600 601 629
1227 2 0 601 630 629
1228 2 0 601 602 630
1229 2 0 602 631 630
1230 2 0 602 603 631
1231 2 0 603 632 631
1232 2 0 603 604 632
1233 2 0 604 633 632
1234 2 0 604 605 633
1235 2 0 605 634 633
1236 2 0 605 606 634
1237 2 0 606 635 634
1238 2 0 606 607 635
1239 2 0 607 608 635
1240 2 0 635 608 636
1241 2 0 608 609 636
1242 2 0 636 609 637
1243 2 0 609 610 637
1244 2 0 637 610 638
1245 2 0 610 611 638
1246 2 0 638 611 639
1247 2 0 611 612 639
1248 2 0 639 612 640
1249 2 0 612 613 640
1250 2 0 640 613 641
1251 2 0 613 614 641
1252 2 0 641 614 642
1253 2 0 614 643 642
1254 2 0 614 615 643
1255 2 0 615 644 643
1256 2 0 615 616 644
1257 2 0 616 645 644
1258 2 0 616 617 645
1259 2 0 617 646 645
1260 2 0 617 618 646
1261 2 0 618 647 646
1262 2 0 618 619 647
1263 2 0 619 648 647
1264 2 0 619 620 648
1265 2 0 620 649 648
1266 2 0 620 621 649
1267 2 0 621 622 649
1268 2 0 649 622 650
1269 2 0 622 623 650
1270 2 0 650 623 651
1271 2 0 623 624 651
1272 2 0 651 624 652
1273 2 0 624 625 652
1274 2 0 652 625 653
1275 2 0 625 626 653
1276 2 0 653 626 654
1277 2 0 626 627 654
1278 2 0 654 627 655
1279 2 0 627 600 655
1280 2 0 655 600 628
1281 2 0 628 657 656
1282 2 0 628 629 657
1283 2 0 629 658 657
1284 2 0 629 630 658
1285 2 0 630 659 658
1286 2 0 630 631 659
1287 2 0 631 660 659
1288 2 0 631 632 660
1289 2 0 632 661 660
1290 2 0 632 633 661
1291 2 0 633 662 661
1292 2 0 633 634 662
1293 2 0 634 663 662
1294 2 0 634 635 663
1295 2 0 635 636 663
1296 2 0 663 636 664
1297 2 0 636 637 664
1298 2 0 664 637 665
1299 2 0 637 638 665
1300 2 0 665 638 666
1301 2 0 638 639 666
1302 2 0 666 639 667
1303 2 0 639 640 667
1304 2 0 667 640 668
1305 2 0 640 641 668
1306 2 0 668 641 669
1307 2 0 641 642 669
1308 2 0 669 642 670
1309 2 0 642 671 670
1310 2 0 642 643 671
1311 2 0 643 672 671
1312 2 0 643 644 672
1313 2 0 644 673 672
1314 2 0 644 645 673
1315 2 0 645 674 673
1316 2 0 645 646 674
1317 2 0 646 675 674
1318 2 0 646 647 675
1319 2 0 647 676 675
1320 2 0 647 648 676
1321 2 0 648 677 676
1322 2 0 648 649 677
1323 2 0 649 650 677
1324 2 0 677 650 678
1325 2 0 650 651 678
1326 2 0 678 651 679
1327 2 0 651 652 679
1328 2 0 679 652 680
1329 2 0 652 653 680
1330 2 0 680 653 681
1331 2 0 653 654 681
1332 2 0 681 654 682
1333 2 0 654 655 682
1334 2 0 682 655 683
1335 2 0 655 628 683
1336 2 0 683 628 656
1337 2 0 656 685 684
1338 2 0 656 657 685
1339 2 0 657 686 685
1340 2 0 657 658 686
1341 2 0 658 687 686
1342 2 0 658 659 687
1343 2 0 659 688 687
1344 2 0 659 660 688
1345 2 0 660 689 688
1346 2 0 660 661 689
1347 2 0 661 690 689
1348 2 0 661 662 690
1349 2 0 662 691 690
1350 2 0 662 663 691
1351 2 0 663 664 691
1352 2 0 691 664 692
1353 2 0 664 665 692
1354 2 0 692 665 693
1355 2 0 665 666 693
1356 2 0 693 666 694
1357 2 0 666 667 694
1358 2 0 694 667 695
1359 2 0 667 668 695
1360 2 0 695 668 696
1361 2 0 668 669 696
1362 2 0 696 669 697
1363 2 0 669 670 697
1364 2 0 697 670 698
1365 2 0 670 699 698
1366 2 0 670 671 699
1367 2 0 671 700 699
1368 2 0 671 672 700
1369 2 0 672 701 700
1370 2 0 672 673 701
1371 2 0 673 702 701
1372 2 0 673 674 702
1373 2 0 674 703 702
1374 2 0 674 675 703
1375 2 0 675 704 703
1376 2 0 675 676 704
1377 2 0 676 705 704
1378 2 0 676 677 705
1379 2 0 677 678 705
1380 2 0 705 678 706
1381 2 0 678 679 706
1382 2 0 706 679 707
1383 2 0 679 680 707
1384 2 0 707 680 708
1385 2 0 680 681 708
1386 2 0 708 681 709
1387 2 0 681 682 709
1388 2 0 709 682 710
1389 2 0 682 683 710
1390 2 0 710 683 711
1391 2 0 683 656 711
1392 2 0 711 656 684
1393 2 0 684 713 712
1394 2 0 684 685 713
1395 2 0 685 714 713
1396 2 0 685 686 714
1397 2 0 686 715 714
1398 2 0 686 687 715
1399 2 0 687 716 715
1400 2 0 687 688 716
1401 2 0 688 717 716
1402 2 0 688 689 717
1403 2 0 689 718 717
1404 2 0 689 690 718
1405 2 0 690 719 718
1406 2 0 690 691 719
1407 2 0 691 692 719
1408 2 0 719 692 720
1409 2 0 692 693 720
1410 2 0 720 693 721
1411 2 0 693 694 721
1412 2 0 721 694 722
1413 2 0 694 695 722
1414 2 0 722 695 723
1415 2 0 695 696 723
1416 2 0 723 696 724
1417 2 0 696 697 724
1418 2 0 724 697 725
1419 2 0 697 698 725
1420 2 0 725 698 726
1421 2 0 698 727 726
1422 2 0 698 699 727
1423 2 0 699 728 727
1424 2 0 699 700 728
1425 2 0 700 729 728
1426 2 0 700 701 729
1427 2 0 701 730 729
1428 2 0 701 702 730
1429 2 0 702 731 730
1430 2 0 702 703 731
1431 2 0 703 732 731
1432 2 0 703 704 732
1433 2 0 704 733 732
1434 2 0 704 705 733
1435 2 0 705 706 733
1436 2 0 733 706 734
1437 2 0 706 707 734
1438 2 0 734 707 735
1439 2 0 707 708 735
1440 2 0 735 708 736
1441 2 0 708 709 736
1442 2 0 736 709 737
1443 2 0 709 710 737
1444 2 0 737 710 738
1445 2 0 710 711 738
1446 2 0 738 711 739
1447 2 0 711 684 739
1448 2 0 739 684 712
1449 2 0 712 741 740
1450 2 0 712 713 741
1451 2 0 713 742 741
1452 2 0 713 714 742
1453 2 0 714 743 742
1454 2 0 714 715 743
1455 2 0 715 744 743
1456 2 0 715 716 744
1457 2 0 716 745 744
1458 2 0 716 717 745
1459 2 0 717 746 745
1460 2 0 717 718 746
1461 2 0 718 747 746
1462 2 0 718 719 747
1463 2 0 719 720 747
1464 2 0 747 720 748
1465 2 0 720 721 748
1466 2 0 748 721 749
1467 2 0 721 722 749
1468 2 0 749 722 750
1469 2 0 722 723 750
1470 2 0 750 723 751
1471 2 0 723 724 751
1472 2 0 751 724 752
1473 2 0 724 725 752
1474 2 0 752 725 753
1475 2 0 725 726 753
1476 2 0 753 726 754
1477 2 0 726 755 754
1478 2 0 726 727 755
1479 2 0 727 756 755
1480 2 0 727 728 756
1481 2 0 728 757 756
1482 2 0 728 729 757
1483 2 0 729 758 757
1484 2 0 729 730 758
1485 2 0 730 759 758
1486 2 0 730 731 759
1487 2 0 731 760 759
1488 2 0 731 732 760
1489 2 0 732 761 760
1490 2 0 732 733 761
1491 2 0 733 734 761
1492 2 0 761 734 762
1493 2 0 734 735 762
1494 2 0 762 735 763
1495 2 0 735 736 763
1496 2 0 763 736 764
1497 2 0 736 737 764
1498 2 0 764 737 765
1499 2 0 737 738 765
1500 2 0 765 738 766
1501 2 0 738 739 766
1502 2 0 766 739 767
1503 2 0 739 712 767
1504 2 0 767 712 740
1505 2 0 740 769 768
1506 2 0 740 741 769
1507 2 0 741 770 769
1508 2 0 741 742 770
1509 2 0 742 771 770
1510 2 0 742 743 771
1511 2 0 743 772 771
1512 2 0 743 744 772
1513 2 0 744 773 772
1514 2 0 744 745 773
1515 2 0 745 774 773
1516 2 0 745 746 774
1517 2 0 746 775 774
1518 2 0 746 747 775
1519 2 0 747 748 775
1520 2 0 775 748 776
1521 2 0 748 749 776
1522 2 0 776 749 777
1523 2 0 749 750 777
1524 2 0 777 750 778
1525 2 0 750 751 778
1526 2 0 778 751 779
1527 2 0 751 752 779
1528 2 0 779 752 780
1529 2 0 752 753 780
1530 2 0 780 753 781
1531 2 0 753 754 781
1532 2 0 781 754 782
1533 2 0 754 783 782
1534 2 0 754 755 783
1535 2 0 755 784 783
1536 2 0 755 756 784
1537 2 0 756 785 784
1538 2 0 756 757 785
1539 2 0 757 786 785
1540 2 0 757 758 786
1541 2 0 758 787 786
1542 2 0 758 759 787
1543 2 0 759 788 787
1544 2 0 759 760 788
1545 2 0 760 789 788
1546 2 0 760 761 789
1547 2 0 761 762 789
1548 2 0 789 762 790
1549 2 0 762 763 790
1550 2 0 790 763 791
1551 2 0 763 764 791
1552 2 0 791 764 792
1553 2 0 764 765 792
1554 2 0 792 765 793
1555 2 0 765 766 793
1556 2 0 793 766 794
1557 2 0 766 767 794
1558 2 0 794 767 795
1559 2 0 767 740 795
1560 2 0 795 740 768
1561 2 0 768 769 796
1562 2 0 769 797 796
1563 2 0 769 770 797
1564 2 0 770 798 797
1565 2 0 770 771 798
1566 2 0 771 799 798
1567 2 0 771 772 799
1568 2 0 772 800 799
1569 2 0 772 773 800
1570 2 0 773 801 800
1571 2 0 773 774 801
1572 2 0 774 802 801
1573 2 0 774 775 802
1574 2 0 775 776 802
1575 2 0 802 776 803
1576 2 0 776 777 803
1577 2 0 803 777 804
1578 2 0 777 778 804
1579 2 0 804 778 805
1580 2 0 778 779 805
1581 2 0 805 779 806
1582 2 0 779 780 806
1583 2 0 806 780 807
1584 2 0 780 781 807
1585 2 0 807 781 808
1586 2 0 781 782 808
1587 2 0 782 783 809
1588 2 0 783 810 809
1589 2 0 783 784 810
1590 2 0 784 811 810
1591 2 0 784 785 811
1592 2 0 785 812 811
1593 2 0 785 786 812
1594 2 0 786 813 812
1595 2 0 786 787 813
1596 2 0 787 814 813
1597 2 0 787 788 814
1598 2 0 788 815 814
1599 2 0 788 789 815
1600 2 0 789 790 815
1601 2 0 815 790 816
1602 2 0 790 791 816
1603 2 0 816 791 817
1604 2 0 791 792 817
1605 2 0 817 792 818
1606 2 0 792 793 818
1607 2 0 818 793 819
1608 2 0 793 794 819
1609 2 0 819 794 820
1610 2 0 794 795 820
1611 2 0 820 795 821
1612 2 0 795 768 821
1613 2 0 768 796 822
1614 2 0 796 823 822
1615 2 0 796 797 823
1616 2 0 797 824 823
1617 2 0 797 798 824
1618 2 0 798 825 824
1619 2 0 798 799 825
1620 2 0 799 826 825
1621 2 0 799 800 826
1622 2 0 800 827 826
1623 2 0 800 801 827
1624 2 0 801 828 827
1625 2 0 801 802 828
1626 2 0 802 803 828
1627 2 0 828 803 829
1628 2 0 803 804 829
1629 2 0 829 804 830
1630 2 0 804 805 830
1631 2 0 830 805 831
1632 2 0 805 806 831
1633 2 0 831 806 832
1634 2 0 806 807 832
1635 2 0 832 807 833
1636 2 0 807 808 833
1637 2 0 833 808 834
1638 2 0 808 782 834
1639 2 0 782 809 834
1640 2 0 809 833 834
1641 2 0 809 810 833
1642 2 0 810 832 833
1643 2 0 810 811 832
1644 2 0 811 831 832
1645 2 0 811 812 831
1646 2 0 812 830 831
1647 2 0 812 813 830
1648 2 0 813 829 830
1649 2 0 813 814 829
1650 2 0 814 828 829
1651 2 0 814 815 828
1652 2 0 815 816 828
1653 2 0 828 816 827
1654 2 0 816 817 827
1655 2 0 827 817 826
1656 2 0 817 818 826
1657 2 0 826 818 825
1658 2 0 818 819 825
1659 2 0 825 819 824
1660 2 0 819 820 824
1661 2 0 824 820 823
1662 2 0 820 821 823
1663 2 0 823 821 822
1664 2 0 821 768 822
$EndElements
